ensembl	name	baseMean	log2FoldChange	padj	BM1	BM2	BM3	prePB1	prePB2	prePB3	PB1	PB2	PB3	PC1	PC2	PC3
ENSG00000169679	BUB1	3696.915880352145	8.436550519525847	2.2587090239598375e-84	24.85	35.26	9.58	6627.34	9572.86	7466.01	3295.08	6334.72	5452.3	1380.98	2267.14	1896.87
ENSG00000117632	STMN1	4235.861071805294	6.3458925908650405	1.9952818724936215e-52	107.68	142.47	175.25	15987.85	10589.93	8001.76	3423.71	4194.45	3666.07	728.47	1807.68	2005
ENSG00000075218	GTSE1	852.5446310456717	8.720076247493923	2.1568527857229598e-48	3.31	5.64	5.75	1612.93	2221.04	2232.71	525.72	1088.74	1392.47	199.41	444.39	498.42
ENSG00000165304	MELK	802.9298182602147	10.03516943508495	7.519868100773294e-42	1.66	5.64	0	1853.88	2649.88	2099.72	413.87	886.35	856.02	168.21	387.9	312.03
ENSG00000186185	KIF18B	682.2224188364165	9.088180902146322	7.519868100773294e-42	3.31	4.23	1.92	1728.01	1515.04	1763.46	425.98	689.77	802.38	212.98	323.88	715.7
ENSG00000101003	GINS1	757.579869851338	10.204229168146252	2.2584867293136263e-40	0	0	4.79	2414.3	2099.42	1447.28	559.28	896.82	657.43	223.83	384.13	403.68
ENSG00000115163	CENPA	475.9440706505767	6.461017656405776	2.2584867293136263e-40	9.11	11.28	17.24	1377.97	1137.4	800.49	490.3	610.67	572.97	101.74	271.15	311
ENSG00000134802	SLC43A3	690.5473477056624	6.343346020689856	3.623160847491298e-39	34.79	28.21	23.94	1771.77	2555.79	2749.65	143.55	302.43	515.9	33.91	77.2	49.43
ENSG00000171988	JMJD1C	5864.936176079447	-3.409442600462514	3.623160847491298e-39	18949.54	18748.26	16983.78	1455.89	1695.54	1994.95	1239.73	1726.17	1564.81	2407.89	2095.78	1516.88
ENSG00000101347	SAMHD1	3473.710122587515	5.718428570813912	6.835532136134358e-38	72.89	59.25	33.52	2004.92	3439.73	3281.63	4011.88	5625.17	7252.24	5876.61	7208.14	2818.54
ENSG00000143457	GOLPH3L	1679.8564701547248	4.641895835076311	1.0485449801062032e-36	67.92	40.91	62.25	1307.85	1886.92	1112.91	2733	2785.83	2665.09	2498.78	3423.3	1573.52
ENSG00000152253	SPC25	368.36791547900543	8.865540352828285	3.2286412523996305e-35	3.31	2.82	0	1143.02	1007.47	681.92	298.28	461.79	337.84	100.39	203.36	180.21
ENSG00000226784	PGAM4	1210.5697717159414	3.9480617889412994	6.075767680963295e-34	236.07	194.66	183.87	3826.44	3160.02	2508.12	846.37	943.34	915.38	594.17	768.27	350.13
ENSG00000122966	CIT	626.771972856261	4.895973059157082	2.091528663762614e-32	33.96	45.14	75.65	1487.06	1586.73	1535.74	441.83	644.41	757.87	176.35	305.05	431.48
ENSG00000011258	MBTD1	923.1710791921754	-2.136593398634077	4.539895277575759e-31	1886.09	1605.26	2026.37	411.17	402.6	441.65	637.58	664.18	633.46	799.01	820.99	749.69
ENSG00000116353	MECR	278.7024352169419	3.6786611345978377	6.680448563020514e-31	48.04	59.25	40.22	532.25	605.5	736.5	192.02	252.41	325.29	196.7	154.41	201.84
ENSG00000186076	NA	5224.490456410389	3.669045744633435	7.703745514314267e-31	1326.14	1001.52	858.05	14832.25	14116.07	11585.15	3074.16	4045.56	4703.57	2403.82	3105.07	1642.52
ENSG00000163191	S100A11	1303.5761421162242	5.582492288205495	2.108880416583687e-30	92.77	26.8	28.73	1890.44	2979.52	2324.31	1368.37	1936.71	1912.93	1101.53	1367.06	613.75
ENSG00000014919	COX15	1152.6590635215027	3.3532830460533205	6.32777954433184e-30	193	176.32	174.29	1634.51	2141.03	1783.54	1158.64	1470.27	1715.47	1067.61	1491.34	825.89
ENSG00000172508	CARNS1	289.4440609200385	-6.091624865095745	1.284157779607717e-29	820.87	667.21	1658.64	24.57	7.04	14.43	40.08	36.06	30.82	71.9	24.48	77.23
ENSG00000114796	KLHL24	2945.5762584794343	-4.111654047632811	8.601595027973956e-29	8873.82	7246.24	9306.36	348.24	780.24	342.53	1102.71	1155.04	1197.29	1812.36	2020.46	1161.6
ENSG00000167604	NFKBID	1879.4219791805288	-4.899432067766038	8.24752529620145e-28	5917.54	9809.3	5624.23	290.1	181.14	244.04	73.64	83.75	79.9	73.25	32.01	144.17
ENSG00000262944	NA	1374.1580432231885	-2.789682722564206	2.9874574123010256e-27	2948.83	4722.68	4219.37	660.52	583.74	474.9	459.54	467.6	539.87	455.8	512.18	444.87
ENSG00000166947	EPB42	126.57171455494921	-4.299425626239629	8.43996928976962e-27	398.42	386.5	491.27	32.37	16.64	15.68	32.62	20.94	21.69	29.84	24.48	48.4
ENSG00000166860	ZBTB39	1021.1278086025781	-2.3610312836449	9.669685759878638e-27	2518.93	2221.69	2206.41	550.83	391.08	410.28	500.55	601.37	587.8	770.53	781.45	712.61
ENSG00000139734	DIAPH3	530.4317114509676	10.457937578255768	6.840424254985098e-26	1.66	0	0.96	1002.16	1872.2	1329.34	251.67	695.59	648.3	109.88	271.15	182.27
ENSG00000115042	FAHD2A	601.534665173585	2.6452633348417813	5.2750194932309e-25	159.04	125.54	92.89	792.38	880.73	693.21	879.93	864.25	793.25	660.64	608.21	668.33
ENSG00000184009	ACTG1	61905.69237416485	4.276982520865364	9.637342731329477e-25	13072.59	9899.58	7423.64	170166.85	211779.44	207330.68	22856.74	29368.15	55852.73	4231.11	7435.98	3450.83
ENSG00000114988	LMAN2L	294.2994862338308	3.4444468673437028	4.7755125670759546e-24	33.13	53.6	34.48	382.4	481.97	435.38	279.64	409.44	372.09	345.92	448.15	255.39
ENSG00000152422	XRCC4	375.248926265308	3.7191624188932777	1.830215100420394e-23	40.59	53.6	36.39	547.83	736.08	422.2	428.78	618.82	442.85	364.91	532.89	278.04
ENSG00000224470	ATXN1L	5141.217431496731	-2.400800973121951	2.742984754962353e-23	9880.23	12023.94	11892.95	2697.21	1839.56	1862.58	3134.75	3016.14	3806.45	3852.63	3560.76	4127.4
ENSG00000136811	ODF2	1071.1485729959052	3.0006994057425738	3.7968721182834177e-23	254.3	239.8	375.4	2013.32	2282.48	2671.23	626.39	982.89	1059.19	781.38	691.06	876.35
ENSG00000176542	KIAA2018	2343.070620851802	-2.7664444330201676	9.810918314319889e-23	7409.35	5009.04	5746.81	768.4	1018.99	882.67	1006.7	1169	1250.94	1246.68	1638.21	970.06
ENSG00000178802	MPI	843.7792175587466	3.4577126573272987	2.8260610588093936e-22	161.52	76.17	142.69	1280.27	1722.42	1202.62	837.05	1238.79	1152.78	763.74	971.63	575.65
ENSG00000050030	KIAA2022	140.65214419432306	-6.064337779850179	7.611809310674389e-22	691.65	513.46	362.95	11.99	4.48	6.9	8.39	10.47	4.57	31.2	37.66	4.12
ENSG00000109686	SH3D19	206.9751171419802	-4.939646951997713	1.0241876329976447e-21	476.29	1111.55	736.43	39.56	12.8	23.21	29.83	15.12	11.41	9.5	5.65	12.36
ENSG00000183876	ARSI	159.25755766556176	-12.440407055285874	1.8317934310852848e-21	805.13	720.82	382.1	0	0	0	0	1.16	0	0	1.88	0
ENSG00000159063	ALG8	1212.3430007945258	3.9483143545389985	3.917259017829159e-21	118.45	102.97	102.47	1340.81	2002.77	1660.58	1269.56	1765.72	1931.19	1414.89	2189.93	648.77
ENSG00000071794	HLTF	670.5831822506082	3.6460804284394635	4.4561121559065184e-21	115.97	104.38	74.7	938.03	1586.09	1169.37	389.63	714.2	877.71	808.51	760.73	507.69
ENSG00000152056	AP1S3	436.17480089811124	-2.3722356088069914	6.5206998125010414e-21	1450.39	1255.43	1087.88	262.53	240.03	230.23	99.74	159.36	131.26	97.67	107.33	112.25
ENSG00000100385	IL2RB	2188.392590115277	5.665993011461323	1.1508214743762284e-20	252.64	77.58	66.08	4694.94	7106.68	8380.68	1133.47	964.28	2927.6	367.63	156.29	132.84
ENSG00000213064	SFT2D2	3412.8260077832088	-2.5025308453397432	1.4237076254925802e-20	7446.62	9230.96	11619.07	1615.93	1790.91	1586.55	1312.44	1283	1418.72	1116.45	1570.42	962.85
ENSG00000169057	MECP2	2458.7639980469494	-2.3228683579649565	2.263801067634678e-20	7520.34	4891.96	6508.13	1128.03	1260.29	1393.96	874.34	1077.11	1268.06	1219.55	1163.7	1199.71
ENSG00000130653	PNPLA7	201.8127341408366	-4.189474625954716	2.4827338535403904e-20	338.78	703.89	711.53	48.55	17.28	30.11	87.62	61.65	43.37	143.8	116.75	118.43
ENSG00000160214	RRP1	788.0898235488062	3.041123487308952	4.805046203323631e-20	202.94	179.15	102.47	1018.95	1333.26	1634.86	783.92	881.7	1173.32	747.46	751.32	647.74
ENSG00000114850	SSR3	25058.666557266744	3.718624528497107	9.744672805663764e-20	1717.94	2055.24	894.44	25251.86	23673.57	12507.97	62970.92	45499.23	33088.19	27672.45	37677.02	27695.17
ENSG00000164556	FAM183B	44.75988504780636	-5.9288522717699506	1.0696406869715323e-19	115.97	159.4	219.3	1.2	3.2	3.76	10.25	4.65	2.28	4.07	3.77	9.27
ENSG00000172500	FIBP	1148.912352697951	2.1394177610936	1.790748844534031e-19	507.76	564.24	388.8	2090.64	2174.95	2163.08	1034.66	1124.8	1397.03	763.74	871.83	705.41
ENSG00000136603	SKIL	3426.7766545192076	-2.7589919920568167	2.1544992908507073e-19	9553.04	6784.98	9846.47	1372.58	1497.12	998.73	1397.26	1588.91	1389.04	2105.38	2975.15	1612.65
ENSG00000183763	TRAIP	221.11050840675793	4.093077777801319	7.299814925289926e-19	43.9	36.68	23.94	616.16	546.62	622.32	119.31	175.64	207.73	44.77	65.91	150.35
ENSG00000127838	PNKD	415.09866295310883	2.564884673770635	8.808440849425977e-19	105.2	139.65	80.44	797.77	599.74	514.42	518.26	476.91	449.7	397.47	444.39	457.23
ENSG00000187605	TET3	1367.7524008596934	-3.1683443060595717	9.15548596244221e-19	5199.38	5334.88	2857.6	492.09	375.08	622.32	174.31	227.98	261.37	236.04	387.9	244.06
ENSG00000245937	NA	519.023397807134	2.527220957662025	9.64043521829633e-19	120.11	111.44	131.2	638.94	789.84	665.61	566.73	585.08	673.41	622.66	856.77	466.49
ENSG00000230055	CISD3	166.9203841224093	3.38642732288151	1.1396584399718288e-18	35.62	40.91	31.6	463.32	280.99	380.8	178.04	95.38	200.88	99.03	79.09	117.4
ENSG00000188493	C19orf54	548.6922579921888	2.9278245492689194	7.209517664608479e-18	125.08	86.05	76.61	678.5	734.8	784.18	550.89	726.99	934.78	520.92	515.94	849.58
ENSG00000099817	POLR2E	1930.3459641125944	3.201854420989079	8.852657348851974e-18	657.69	369.58	432.85	3283.4	4739.07	5427.77	1100.84	1600.55	2195.99	1229.04	1308.69	818.68
ENSG00000256053	APOPT1	161.32788852367267	2.3088513203258842	1.4766768038524664e-17	58.81	59.25	57.46	301.49	316.83	250.94	160.33	175.64	163.22	108.52	161.94	121.52
ENSG00000211642	IGLV10-54	7415.2014229948	5.142001841328902	1.9290295823084397e-17	19.88	119.9	21.07	1022.54	2398.34	2169.98	9318.5	10179.05	14724.76	20109.63	15706.13	13192.64
ENSG00000120265	PCMT1	1747.4892589535411	2.823368474647536	1.9290295823084397e-17	554.15	411.89	307.4	3520.76	3175.38	2322.42	1925.78	2091.41	1925.48	1534.27	2093.9	1107.02
ENSG00000255760	NA	84.61127392387935	-8.891531537441029	3.690049987144983e-17	149.93	270.83	461.58	1.2	0	0.63	9.32	8.14	3.42	13.57	33.89	62.82
ENSG00000040531	CTNS	631.5539530936245	2.223068707036141	3.78694051938653e-17	192.17	167.86	164.71	720.45	841.69	890.83	644.1	829.35	1003.26	809.87	721.19	593.16
ENSG00000116191	RALGPS2	8075.875962519161	-2.585591286424757	7.407546849776307e-17	10908.18	7098.13	13127.35	1513.43	2178.15	1495.59	9547.8	9131.02	7271.64	11430.37	13546.33	9662.52
ENSG00000168785	TSPAN5	331.82249561742975	3.6422380266673517	1.1997076935924237e-16	25.68	42.32	37.35	392.59	519.1	392.72	274.98	429.22	417.74	520.92	698.59	230.67
ENSG00000197471	SPN	1349.7890335181255	5.068978331624355	3.3715962548269764e-16	57.98	18.34	83.31	1012.95	2782.38	1600.98	1366.5	2590.42	4461.6	758.32	1116.62	348.07
ENSG00000171219	CDC42BPG	69.97297146864203	-3.787752558169351	3.3715962548269764e-16	287.43	174.91	262.39	23.38	12.16	16.94	11.19	11.63	14.84	2.71	16.95	5.15
ENSG00000198225	FKBP1C	340.94625411709967	3.452656100092834	3.685437507034617e-16	92.77	33.85	56.5	588.59	805.21	633.62	327.18	529.25	456.55	175	269.27	123.57
ENSG00000272091	NA	53.46044468127181	-4.031535584565915	6.60630724622348e-16	122.59	60.66	150.35	7.79	7.68	5.02	41.01	44.2	33.1	65.11	65.91	38.1
ENSG00000163462	TRIM46	56.86759610095382	4.694927839702198	1.6659220915581759e-15	6.63	7.05	2.87	156.44	92.17	173.77	47.54	51.18	91.31	20.35	9.42	23.69
ENSG00000127081	ZNF484	269.7728391252619	-1.9191352983185583	1.8009633522059874e-15	653.55	651.7	600.44	194.2	170.26	139.27	138.89	122.13	118.7	156	124.28	167.86
ENSG00000269404	SPIB	474.7876720366261	-4.436358418644993	3.883074386098921e-15	3120.29	1276.59	978.71	130.07	42.88	75.28	13.05	16.28	27.39	5.43	9.42	2.06
ENSG00000119185	ITGB1BP1	1324.414195262482	2.63783552712169	4.589350103568764e-15	344.58	684.14	487.44	4138.72	2796.46	2484.91	1247.19	970.1	902.82	607.74	523.47	705.41
ENSG00000107554	DNMBP	939.5369793664826	-4.365341452473777	4.843575928059172e-15	1823.14	1412.01	6855.76	110.89	215.7	163.11	120.24	116.32	124.41	134.3	133.69	64.88
ENSG00000160201	U2AF1	4668.466853570426	-1.7204372279616877	6.3033855420146175e-15	8955.82	12421.73	11825.92	3080.81	3475.57	3518.77	1860.53	2191.44	2311.27	1943.95	2103.31	2332.47
ENSG00000100211	CBY1	74.63775422506758	3.461270426294778	8.751947811391526e-15	8.28	12.7	3.83	76.72	100.49	84.06	82.96	94.22	90.17	107.17	96.03	139.02
ENSG00000167874	TMEM88	32.77549380375545	-6.493667339931126	2.2665559105480896e-14	151.58	157.99	79.48	3	0	1.25	0	0	0	0	0	0
ENSG00000185480	PARPBP	604.5602600061031	3.613518291375218	4.250912445569772e-14	68.75	145.29	134.07	2018.71	1266.06	962.97	641.3	694.42	486.22	142.44	237.26	457.23
ENSG00000134758	RNF138	2949.451974032661	-1.8146373145306824	1.8066698427150716e-13	6533.81	9300.08	7069.31	2313.01	2432.26	1764.72	1149.32	1004.99	1028.37	845.14	1065.78	886.65
ENSG00000134014	ELP3	833.9302680277135	3.245792763662116	2.049318208509045e-13	140.81	119.9	237.5	1149.01	2046.94	1537.62	590.04	918.92	1177.89	830.21	879.36	378.96
ENSG00000168477	TNXB	53.1412331468213	-3.5729394161606427	2.274441899621136e-13	139.99	159.4	118.75	19.18	4.48	11.29	33.56	23.26	41.09	35.27	22.6	28.83
ENSG00000164086	DUSP7	488.81944354965106	3.7132515504337715	4.2974149029097726e-13	84.49	45.14	17.24	479.5	794.32	661.85	453.95	863.08	803.52	535.84	732.49	394.41
ENSG00000014641	MDH1	4171.3099315546	2.4018634837738757	4.795323867908433e-13	1384.13	2114.49	1464.23	12290.88	7883.72	6042.57	4123.74	3633.8	3571.33	2306.15	3106.96	2133.72
ENSG00000181458	TMEM45A	223.1971444841383	5.730082634642503	5.083113327484751e-13	1.66	2.82	3.83	152.84	174.1	107.9	208.8	643.24	410.89	113.95	587.5	270.83
ENSG00000163006	CCDC138	171.72211909722105	2.495054114170359	6.399555554347017e-13	61.3	104.38	55.54	526.85	394.28	312.42	111.86	119.81	103.86	75.97	90.38	104.01
ENSG00000161048	NAPEPLD	340.1046356487842	2.3094806699374586	8.221633284385477e-13	83.66	40.91	71.82	357.83	344.36	284.19	458.61	402.46	328.71	565.69	670.35	472.67
ENSG00000166971	AKTIP	338.66946025063896	2.484393287456925	9.31578529971535e-13	168.15	118.49	61.29	674.9	697.67	577.78	351.41	333.83	324.15	276.74	233.49	246.12
ENSG00000152117	NA	1748.6307715774287	-1.798473274754747	1.7203484904883335e-12	4119.25	4464.54	4527.73	1366.59	996.59	1405.88	534.11	656.04	727.05	771.88	581.85	832.07
ENSG00000189319	FAM53B	2798.3346537274956	-3.719199620909472	1.7243973618522957e-12	11231.23	4427.87	11025.33	457.33	787.92	781.04	508.01	887.51	1305.72	786.8	1062.01	319.23
ENSG00000105497	ZNF175	322.51559258806276	2.8416471437620525	1.8958928165421735e-12	38.1	22.57	50.76	190.6	336.68	281.68	313.2	546.7	601.5	419.18	534.77	534.46
ENSG00000182240	BACE2	304.2982529586537	-2.9018136099679057	2.0110199546245507e-12	662.66	723.64	1085.01	96.5	139.53	94.73	201.34	172.15	313.88	75.97	58.37	27.8
ENSG00000138030	KHK	120.35568813020474	4.759502004991785	2.6627696212415718e-12	1.66	14.11	0.96	96.5	183.06	119.82	73.64	150.05	151.8	242.82	263.62	146.23
ENSG00000143870	PDIA6	11520.975796656041	3.0438848640119063	3.1770571452228564e-12	2493.25	1784.41	1448.91	11451.15	20628.77	15152.22	12746.87	18857.59	18931.83	12835.76	16606.21	5314.75
ENSG00000108963	DPH1	600.1896489090514	-1.9094364295646935	5.323737855648954e-12	1010.55	1351.35	1114.7	257.73	307.23	360.1	367.26	336.16	433.72	507.35	453.8	702.32
ENSG00000196559	LINC00610	20.621227042872814	-4.637634393035266	1.0963813954345167e-11	59.64	81.81	74.7	4.2	1.92	2.51	1.86	4.65	1.14	6.78	0	8.24
ENSG00000064545	TMEM161A	306.55971972638605	2.4516052990568227	1.456220848967495e-11	89.46	63.48	49.8	273.32	403.88	436	295.48	397.81	554.7	344.57	418.03	352.19
ENSG00000111186	WNT5B	378.160109150172	5.391599678067727	1.585834041631773e-11	0.83	9.87	0.96	62.93	179.22	186.32	297.35	753.75	660.85	763.74	1239.02	383.08
ENSG00000161558	TMEM143	206.02150690477802	2.4049476271482133	1.7303250748317985e-11	47.21	35.26	68.95	243.95	264.99	299.87	216.25	286.14	362.95	189.92	180.77	275.98
ENSG00000198728	LDB1	1578.3443217671813	-1.2814005037851184	1.8190131359361866e-11	2840.32	2884.67	2625.85	972.19	1183.49	1279.78	1077.54	1170.17	1212.13	1219.55	1231.48	1242.96
ENSG00000163938	GNL3	3844.3196516788835	1.4676508439726978	2.5531432370400018e-11	1774.27	1814.03	1657.68	4134.52	5147.43	5225.77	4312.03	5885.73	4565.46	4045.26	4044.69	3524.97
ENSG00000260051	NA	90.83401850840673	-3.991496983569155	2.89632044527239e-11	346.24	218.64	169.5	22.18	5.12	18.82	42.88	23.26	26.25	78.68	28.25	110.19
ENSG00000088888	MAVS	1038.599408358597	2.2314986027709423	3.241063331935526e-11	312.28	251.09	328.47	1042.92	1400.47	1749.66	824.93	1367.91	1733.73	1082.53	1244.67	1124.53
ENSG00000108433	GOSR2	835.8822191469847	1.415374862536154	3.287147922048028e-11	270.86	249.68	210.68	622.76	692.55	635.5	1272.36	1209.71	1179.03	1055.4	1340.7	1291.36
ENSG00000237705	NA	22.24834647802329	-7.143174207526116	3.690251175371988e-11	48.87	100.15	113.96	1.2	0	0.63	0	0	1.14	0	0	1.03
ENSG00000205593	DENND6B	369.925443522743	2.1578092618264804	4.38102159193373e-11	125.91	138.24	67.99	582.6	506.93	387.07	459.54	503.66	428.01	487	369.07	383.08
ENSG00000226647	NA	19.11370973931885	-5.866289495335049	4.553832132678981e-11	50.53	94.51	72.78	1.2	0	2.51	0.93	3.49	0	1.36	0	2.06
ENSG00000123094	RASSF8	56.62582164669605	3.838788785874537	4.601751018423109e-11	6.63	11.28	5.75	79.72	144.66	104.14	22.37	61.65	68.48	43.41	80.97	50.46
ENSG00000167840	ZNF232	135.02128672399638	1.9041852919190576	7.195102678004964e-11	72.06	56.42	77.57	235.56	281.63	259.09	83.89	118.65	114.14	120.73	112.98	87.53
ENSG00000241106	HLA-DOB	279.5864721846179	-2.4923313112346475	1.1721827088670415e-10	485.4	612.2	652.15	158.24	63.37	89.08	181.77	155.87	127.83	363.56	218.43	247.15
ENSG00000156509	FBXO43	48.683422050606204	6.240675317700638	1.3389347809989118e-10	0	4.23	0.96	163.63	57.61	106.02	42.88	40.71	29.68	24.42	24.48	89.59
ENSG00000185627	PSMD13	4278.324860673003	1.7765467784411957	1.42186471623303e-10	1809.06	2417.77	2304.09	9739.32	7033.07	5597.78	5097.81	4281.69	4072.39	2703.62	3321.62	2961.68
ENSG00000187260	WDR86	24.68593810142124	-5.911504308231727	1.5197048702261747e-10	45.56	110.03	68.95	1.8	0.64	1.25	16.78	2.33	2.28	17.64	9.42	19.57
ENSG00000049192	ADAMTS6	175.32397606309218	-3.5534682775946282	1.6083440489117178e-10	246.84	434.46	919.34	64.13	30.72	41.4	56.86	65.14	66.2	84.11	22.6	72.09
ENSG00000112218	GPR63	49.95123068780688	7.270257571069694	2.2411036113104974e-10	0	2.82	0	122.27	87.69	111.04	60.59	30.24	59.35	55.62	24.48	45.31
ENSG00000130803	ZNF317	2080.212740870932	-1.9362001641195967	2.917688619341588e-10	5580.41	4240.26	4331.41	1093.87	1312.78	1291.7	895.78	1200.41	1491.76	1353.85	1355.76	814.56
ENSG00000197279	ZNF165	96.1360776996584	-2.47681850709792	2.917688619341588e-10	303.17	311.74	205.89	45.55	40.32	61.48	32.62	33.73	37.67	43.41	22.6	15.45
ENSG00000180730	SHISA2	64.69628973950564	9.59070405603797	4.830245050592151e-10	0	0	0	43.16	298.27	100.37	19.57	118.65	178.05	4.07	13.18	1.03
ENSG00000221909	FAM200A	172.06025312833637	2.3040597805923864	5.350042067767539e-10	59.64	29.62	37.35	267.92	209.94	156.21	188.29	219.84	188.33	193.99	299.4	214.2
ENSG00000234329	NA	22.986755556308825	-4.064449739974733	6.100737511854536e-10	52.18	93.1	52.67	4.2	0.64	6.9	3.73	4.65	5.71	18.99	20.71	12.36
ENSG00000204713	TRIM27	1771.736283908431	2.032338573533634	6.662600238970327e-10	652.72	273.66	416.57	1648.89	1885.64	1972.37	2005.01	2597.4	2725.58	2407.89	2472.38	2202.72
ENSG00000231789	NA	156.26356379916706	2.408071371804901	1.023390840896755e-9	26.51	43.73	46.92	269.12	185.62	162.48	298.28	152.38	218	157.36	135.58	179.18
ENSG00000197343	ZNF655	2669.685820499547	-1.501759933742141	1.6416441798328919e-9	3718.34	4341.82	4463.57	1693.85	1316.62	1411.52	2499.97	2331.03	1894.67	2456.73	2468.62	3439.5
ENSG00000227507	LTB	919.9370279043796	-3.4818840560500086	1.7745064187588092e-9	5167.9	3685.89	1265.04	454.93	138.25	312.42	3.73	3.49	2.28	1.36	1.88	2.06
ENSG00000232442	NA	141.2602140005569	-3.0231243627136863	1.8088072010634023e-9	285.77	457.03	489.35	75.52	29.44	46.42	80.16	34.9	46.8	46.12	26.36	77.23
ENSG00000147138	GPR174	166.41532694839395	-1.4604804049059303	2.2117359486491003e-9	248.5	282.12	230.79	102.49	84.49	89.08	112.79	138.42	144.95	179.07	195.83	188.45
ENSG00000171962	LRRC48	103.39083908671351	-2.900509867053805	2.436149787366354e-9	289.91	300.46	237.5	55.74	19.84	35.13	41.95	27.92	34.24	35.27	54.61	108.13
ENSG00000169246	NPIPB3	5274.3630278063865	-1.8700059052504385	3.594513886445677e-9	10632.35	13942.36	11627.69	4061.4	2441.86	3400.2	2826.22	2415.94	2400.29	3126.87	2201.23	4215.96
ENSG00000247679	NA	130.06317645539605	-2.8621638659699955	3.6464012738861245e-9	289.91	239.8	410.83	46.75	23.04	59.6	75.5	60.49	79.9	58.33	62.14	154.47
ENSG00000023287	RB1CC1	2518.993420953895	-1.8909360080692719	3.949863037321089e-9	5033.72	4310.79	4546.88	950.62	1568.81	1226.46	1781.3	2564.83	1947.17	2357.7	2540.17	1399.48
ENSG00000189042	ZNF567	382.51776109132214	-1.3739631885007368	5.171438701404819e-9	791.88	575.52	582.25	275.71	247.07	230.23	312.26	329.18	271.65	316.08	325.76	332.62
ENSG00000158850	B4GALT3	4002.3417369047347	1.6038254939222536	5.9181156832828735e-9	891.28	741.97	925.08	2233.29	3208.66	2338.11	6252.72	6681.35	8398.17	5989.21	6146.12	4222.14
ENSG00000239300	NA	22.778688654167357	-4.223124991812015	5.9181156832828735e-9	27.33	71.94	108.21	6.59	1.92	2.51	10.25	4.65	4.57	10.85	13.18	11.33
ENSG00000106348	IMPDH1	1183.0529050600358	1.9943570315526598	6.104047649807627e-9	521.84	488.07	468.29	1424.13	2190.31	2276	852.9	1523.78	1589.92	994.36	1163.7	703.35
ENSG00000154237	LRRK1	1573.5619262019702	-1.5510457447330102	6.630952657080497e-9	1349.34	1852.12	2034.03	469.91	615.11	701.37	1422.43	1865.75	1615.03	2330.57	2457.32	2169.77
ENSG00000129472	RAB2B	760.5748527003718	-1.3590289695572617	7.318652350705422e-9	897.9	1041.02	1013.18	403.98	306.59	439.77	752.23	713.03	638.02	1018.78	841.7	1060.68
ENSG00000125631	HTR5BP	30.244923274711834	-6.446355512114497	8.243124876206682e-9	68.75	172.09	83.31	1.8	0.64	1.25	15.85	2.33	1.14	1.36	0	14.42
ENSG00000197930	ERO1L	3216.621843632986	2.5145969718009376	9.067836462172046e-9	1334.43	710.94	720.15	4396.45	6641.99	4772.2	3038.74	4135.13	4592.86	2999.35	3929.83	1327.4
ENSG00000164983	TMEM65	293.79165437890845	2.100992297449326	9.717672903681579e-9	105.2	132.6	88.1	391.99	609.35	392.09	256.34	341.98	362.95	288.95	374.72	181.24
ENSG00000171522	PTGER4	493.6087197609812	-2.967605635509933	1.2771136976346542e-8	849.03	2952.38	1341.66	244.55	148.5	264.11	19.57	24.43	29.68	27.13	15.06	7.21
ENSG00000260669	NA	39.61210175573006	-3.063548289410345	1.3260450568268537e-8	125.91	78.99	92.89	19.18	5.12	11.29	22.37	22.1	19.4	25.77	13.18	39.13
ENSG00000129696	TTI2	364.6237385094687	2.256512574193042	1.4293949925669182e-8	184.72	128.36	77.57	475.31	834.01	560.22	320.65	340.81	504.48	324.22	372.83	252.3
ENSG00000197536	C5orf56	501.1942418781637	-2.0482831443576806	1.573975850007634e-8	464.69	1160.92	620.55	193	176.66	172.52	521.99	435.03	408.61	553.48	559.25	747.63
ENSG00000134086	VHL	2555.285024442876	-1.5694454052561608	1.6293696918022487e-8	6872.59	4031.49	5131.04	1526.02	1908.68	1969.23	1457.85	1593.57	1813.63	1688.92	1250.31	1420.08
ENSG00000241484	ARHGAP8	23.026691463167847	-6.813505285123127	2.4890638415542163e-8	102.71	78.99	28.73	0	0	1.88	14.91	8.14	3.42	4.07	5.65	27.8
ENSG00000260077	NA	32.30914770532871	-3.878226833745897	2.9691063209062073e-8	100.23	83.23	124.49	10.79	3.84	6.27	15.85	1.16	5.71	18.99	3.77	13.39
ENSG00000101608	MYL12A	4518.893020610239	1.6390345908825097	2.998632222143511e-8	2718.55	2295.04	3064.45	10034.21	8998.08	6131.03	4832.16	4120.01	5445.46	2075.54	2749.19	1763
ENSG00000136167	LCP1	20940.191612909024	2.7121173216541457	3.012964271414973e-8	11946.9	7895.12	5415.46	43096.59	70335.84	52078.9	9011.82	14507.27	19984.17	6130.29	8354.89	2525.05
ENSG00000139641	ESYT1	5299.323902822819	2.8582580472661885	3.124190615443561e-8	1674.04	854.82	2753.22	8947.54	15291.23	14073.19	2877.48	4044.4	6199.9	2538.12	3223.7	1114.23
ENSG00000158373	HIST1H2BD	345.2585796104062	2.4007998558773327	3.189389462769217e-8	24.85	25.39	16.28	134.26	104.33	111.04	278.71	189.6	213.44	1443.38	1048.83	553
ENSG00000233806	NA	99.4286832530578	-3.6268114084781407	3.4110915625032325e-8	337.13	449.98	143.65	34.16	14.72	26.35	13.05	13.96	18.26	29.84	13.18	98.86
ENSG00000011021	CLCN6	928.855516211868	-1.5666497414054248	4.716538039699753e-8	1969.75	1674.38	1752.48	673.7	519.74	628.6	651.56	597.88	619.76	687.78	461.34	909.3
ENSG00000020577	SAMD4A	84.88744614242786	-3.139099775708851	6.518700800983653e-8	183.06	385.09	99.59	26.37	13.44	35.76	28.9	24.43	11.41	58.33	56.49	95.77
ENSG00000108639	SYNGR2	6819.862019119116	-1.9662433112878754	7.914890688165224e-8	18612.41	20404.31	10137.6	4067.39	4609.77	3902.08	3019.17	3752.44	4890.75	2521.84	3862.04	2058.55
ENSG00000214595	EML6	1574.7053254845118	-3.632388089579225	8.757624561539534e-8	1084.27	2633.59	9071.74	479.5	207.38	344.41	1428.02	549.02	571.82	1054.05	504.64	968
ENSG00000124541	RRP36	1003.2991341856766	1.9177100232646016	8.839163779040396e-8	597.22	276.48	340.92	1317.44	1698.1	1582.79	1044.92	1315.56	1208.71	923.82	1114.74	618.9
ENSG00000173848	NET1	1256.9529120730338	3.261457496427411	1.0138500442394022e-7	323.87	324.44	44.05	1591.35	2829.74	2213.27	1003.9	2101.88	1939.18	799.01	1280.44	632.29
ENSG00000175556	LONRF3	22.590034733728555	-7.754774353180149	1.0448552175326499e-7	31.48	32.44	205.89	0	0.64	0.63	0	0	0	0	0	0
ENSG00000187676	B3GALTL	356.9189492576891	-1.578598572087979	1.2695967642447887e-7	784.42	715.17	452.96	219.37	227.86	206.4	263.79	247.76	245.39	320.15	369.07	230.67
ENSG00000131876	SNRPA1	2409.8655443965786	-1.2249632110684152	1.427291459855993e-7	4113.45	6179.83	5752.55	2249.47	2513.55	2100.35	1088.73	1136.43	1055.76	938.74	815.34	974.18
ENSG00000244513	NA	75.05244730679213	-3.075691549838299	1.7265169498813255e-7	143.3	225.7	258.56	39.56	11.52	23.21	48.47	19.77	15.98	31.2	22.6	60.76
ENSG00000057019	DCBLD2	60.05205767281692	2.8412419642407296	1.8210807281017505e-7	7.45	12.7	11.49	51.55	69.77	101.63	47.54	69.79	130.12	70.54	90.38	57.67
ENSG00000155959	VBP1	2186.7115649540506	2.4713725870334486	2.1557960392789052e-7	629.53	1018.45	530.53	6579.39	3222.74	2271.61	3540.23	2107.7	1551.12	1212.76	1690.94	1885.55
ENSG00000172954	LCLAT1	280.75128815470237	2.6351388128274045	3.2516398198324423e-7	128.39	64.89	74.7	406.38	726.48	538.26	189.22	331.51	291.05	236.04	306.93	75.17
ENSG00000198763	MT-ND2	101537.88825013502	-2.202525167743244	3.348655644325666e-7	159013.1	309268.08	191615.5	73512.1	30906.34	38947.98	83075.08	73062.11	43815.89	63587.36	60145.01	91506.11
ENSG00000113732	ATP6V0E1	4340.238144512776	2.0073640564877437	3.8162835210461917e-7	1293.84	1218.76	975.84	7083.47	3864.73	3076.49	8471.19	4609.71	4297.24	5271.59	6532.14	5387.86
ENSG00000178202	KDELC2	476.03923643587717	2.720428970263055	4.0276728755580847e-7	111	35.26	129.28	485.5	933.22	407.77	445.56	810.74	491.93	735.26	775.8	351.16
ENSG00000080947	CROCCP3	43.04101388657189	-2.691130353206579	5.791387203466046e-7	75.38	134.01	133.11	27.57	7.04	18.19	12.12	11.63	17.12	24.42	18.83	37.07
ENSG00000121897	LIAS	310.5234532462445	1.7748054798675938	6.065028693564761e-7	119.28	269.42	157.05	721.65	612.55	522.58	247.95	211.7	223.71	199.41	173.24	267.75
ENSG00000175193	PARL	938.8774094007206	1.3482381166212767	6.155108392701558e-7	672.6	489.48	440.52	1255.1	1562.41	1266.61	1002.04	1159.7	1105.98	771.88	915.14	625.08
ENSG00000230195	NA	371.1232665657387	2.094355877963072	1.0680398848556407e-6	197.14	95.92	164.71	424.36	703.44	834.37	316.92	389.67	559.27	303.87	303.16	160.65
ENSG00000254461	NA	41.67042844829965	-2.2914966892525976	1.4270282229229774e-6	102.71	102.97	90.02	31.17	10.88	18.19	15.85	10.47	17.12	29.84	24.48	46.34
ENSG00000233175	NA	53.08448714143098	-3.3206486803571034	1.55835175138716e-6	169.81	198.89	76.61	19.78	12.16	12.55	8.39	10.47	13.7	25.77	7.53	81.35
ENSG00000052802	MSMO1	1907.6385889243775	2.0771621793928734	1.6005129759393946e-6	707.39	1324.55	497.02	4699.73	3709.2	2252.79	2477.6	1909.95	2133.21	1173.42	1276.68	730.12
ENSG00000104970	KIR3DX1	45.10638198490117	3.851708066929856	2.6831068256017033e-6	14.91	2.82	0	60.54	140.82	66.5	29.83	97.71	53.64	20.35	26.36	27.8
ENSG00000146243	IRAK1BP1	81.61290963012712	1.9354944591734577	3.3324753658528632e-6	38.1	71.94	31.6	211.58	163.22	158.72	63.38	43.04	57.07	52.91	30.13	57.67
ENSG00000124523	SIRT5	219.7201454972255	1.661405310319666	3.889429625116578e-6	45.56	62.07	111.09	252.94	231.7	207.65	315.06	260.55	243.11	344.57	295.63	266.72
ENSG00000101493	ZNF516	168.8070387096332	-4.2890029735823845	3.95282184260272e-6	633.67	1093.21	29.69	39.56	34.56	15.68	13.98	43.04	6.85	33.91	64.02	17.51
ENSG00000242866	STRC	25.31573348473411	-3.9768393383276255	4.34696841375114e-6	48.87	67.71	107.26	5.99	1.92	6.27	21.44	2.33	5.71	6.78	3.77	25.74
ENSG00000141968	VAV1	2864.420418203244	1.6538495580843244	4.413084548195177e-6	1207.69	844.95	1118.53	2324.99	4202.05	3456.03	3159.92	4458.5	5575.57	3243.53	2888.53	1892.75
ENSG00000183401	CCDC159	207.14316733271593	-1.466666776155918	4.426544308488707e-6	193.83	256.73	248.03	94.7	69.13	88.46	203.2	177.97	173.49	362.2	218.43	399.56
ENSG00000171503	ETFDH	599.280086902704	1.7325492319943032	4.454588661567669e-6	405.05	166.45	254.73	700.08	1188.61	865.73	466.06	597.88	547.86	686.42	773.91	538.58
ENSG00000254681	PKD1P5	2168.4512054806632	-1.6769067289633588	5.191828497259486e-6	4329.64	3499.69	5101.36	1327.03	1026.67	1690.69	1088.73	1278.34	1918.64	1378.26	1169.35	2213.02
ENSG00000137409	MTCH1	2686.0588875908065	-1.3672645678272393	5.359907089538269e-6	4644.4	7360.5	5134.88	2283.04	1875.4	2484.28	1498.86	1286.48	1197.29	1448.81	1137.33	1881.43
ENSG00000108424	KPNB1	6755.3840220108805	1.7848761105798325	5.55525917507947e-6	4502.76	2657.57	4512.41	9512.15	14422.02	16294.61	3325.84	5233.18	5324.47	6023.12	6131.06	3125.41
ENSG00000173915	USMG5	2319.8151287214664	3.061218749561021	6.159601037867518e-6	334.64	864.7	295.91	7989.73	2528.91	1951.04	4950.54	2239.14	1273.76	983.51	1747.43	2678.48
ENSG00000102879	CORO1A	14767.945792292348	2.0122256832740795	6.521128756468414e-6	13239.91	7686.35	7463.86	29483.48	42193.95	42853.82	5158.4	6519.66	15400.45	2706.34	2540.17	1968.96
ENSG00000137078	SIT1	541.3966524321498	1.466727032288861	6.521128756468414e-6	395.94	352.65	427.11	1228.73	1236.61	786.06	471.66	519.94	594.65	141.08	225.96	116.37
ENSG00000185633	NDUFA4L2	74.9049866135921	2.892173928109393	6.7569918587824905e-6	9.94	2.82	28.73	130.66	106.89	77.79	73.64	77.93	172.35	62.4	52.72	102.98
ENSG00000172466	ZNF24	4462.016723506661	-1.2371473674162066	7.1495127310304835e-6	6394.65	6071.22	7625.7	2844.66	3347.56	2331.21	3648.35	4022.3	3347.63	4429.17	5891.92	3589.85
ENSG00000270083	NA	29.83298838741147	-3.1207442683214217	7.802072562755495e-6	53.84	110.03	83.31	14.98	5.76	7.53	13.98	10.47	2.28	9.5	11.3	35.01
ENSG00000113758	DBN1	78.45877317778209	3.00121324115732	8.665322347863397e-6	13.25	8.46	23.94	84.51	219.54	65.87	28.9	122.13	89.03	62.4	131.81	91.65
ENSG00000146757	ZNF92	1753.61849084062	-1.302757663675519	1.1706455205019967e-5	1998.74	2426.23	2549.24	972.79	1080.44	773.51	1973.32	1906.46	1287.46	2104.02	2423.43	1547.77
ENSG00000135828	RNASEL	295.4603819893912	1.9410487714908389	1.245269090422024e-5	83.66	42.32	145.56	239.15	428.85	381.42	251.67	298.94	345.83	481.58	504.64	341.89
ENSG00000083807	SLC27A5	147.13997606589962	1.961583669935619	1.3976900947551555e-5	70.41	93.1	62.25	368.02	272.03	235.88	179.9	96.54	198.6	65.11	30.13	93.71
ENSG00000166801	FAM111A	1873.4170127361845	1.977115284383655	1.4846097410838278e-5	462.2	345.6	1169.28	2996.3	2580.76	2212.01	1859.6	1968.11	1470.08	2302.08	1822.75	3292.24
ENSG00000273247	NA	58.19252820815162	-1.804516250439532	1.825025269723003e-5	80.35	129.78	116.83	29.37	27.52	36.39	35.42	52.34	21.69	54.26	43.31	71.06
ENSG00000211953	IGHV3-30	211756.97518491323	4.046301710177376	1.997498095944273e-5	1897.69	2998.93	112.04	9120.76	43422.24	30199.68	97546.39	502708.53	383470.35	269975.63	1031172.24	168459.23
ENSG00000114439	BBX	2063.492854438768	-1.4734383746635533	2.2303932106448896e-5	4400.05	2780.29	3744.38	1021.34	1591.21	1322.44	1201.51	1670.34	1615.03	1930.38	2304.8	1180.14
ENSG00000183091	NEB	266.47614711782467	-2.609953171914192	2.374099183107484e-5	612.13	314.56	417.53	116.28	21.12	82.81	416.66	140.75	184.9	434.1	201.48	255.39
ENSG00000162191	UBXN1	2114.4540427760858	-1.2919490565825515	2.420300021913679e-5	4708.19	5426.57	3097.97	1499.05	2053.34	1851.29	1094.32	1162.02	1668.68	1001.14	917.02	893.86
ENSG00000137880	GCHFR	169.62677648557425	1.5868236898795547	3.128987573794069e-5	96.91	129.78	81.4	427.96	302.11	191.34	158.46	180.29	134.68	88.18	128.04	116.37
ENSG00000211679	IGLC3	750286.9695852858	3.1857428312628353	3.578693772816859e-5	14595.87	13314.64	555.43	69491.46	105923.64	83600.39	848531.17	1216981.01	1093983.06	1866097.76	2644680.26	1045688.94
ENSG00000119950	MXI1	888.698098614779	-2.4503369017639107	3.991347686771005e-5	1186.16	1514.98	4416.64	324.86	609.35	368.25	261.93	453.64	296.76	390.69	672.23	168.89
ENSG00000160075	SSU72	1881.1895460705257	1.2599439673747919	4.28704279662657e-5	1288.87	994.47	1103.2	2444.87	3047.37	2621.04	1743.08	2115.84	2191.42	1748.6	2188.05	1087.46
ENSG00000261556	NA	379.1906337457628	-1.473357164522618	5.4131087657060634e-5	686.68	875.98	1027.55	397.99	192.66	341.9	185.49	131.44	152.94	143.8	177	236.85
ENSG00000123353	ORMDL2	643.2446565332536	1.5777605036261422	5.582933163762783e-5	207.08	194.66	211.64	903.86	527.42	400.25	1444.8	1060.83	748.74	537.2	817.22	665.24
ENSG00000178803	ADORA2A-AS1	58.86600779444167	-2.8079031410409585	5.582933163762783e-5	67.09	157.99	89.06	27.57	5.76	11.29	68.98	36.06	27.39	51.55	33.89	129.75
ENSG00000100083	GGA1	2139.3475278980013	-1.516691985695466	5.822808710017616e-5	3746.5	4157.03	5595.5	1505.04	1362.07	1850.66	1071.02	1115.5	1296.59	1045.91	837.94	2088.41
ENSG00000124491	F13A1	37.68564071605718	-8.471869378612537	7.279799691358937e-5	68.75	45.14	335.17	0	1.28	0	0	0	0	0	1.88	0
ENSG00000134590	FAM127A	138.81938374817057	1.4635253503821741	7.737467459330724e-5	84.49	56.42	93.85	220.57	181.78	249.06	100.67	111.67	191.75	128.87	103.57	143.14
ENSG00000137070	IL11RA	237.66486704012354	-2.286929708329763	7.827683109755862e-5	299.85	550.13	616.72	169.62	41.6	89.08	174.31	100.03	124.41	199.41	112.98	373.81
ENSG00000117533	VAMP4	778.4129393184913	-1.3750115518942712	1.3658679079676787e-4	1510.86	863.29	1220.99	543.64	506.93	336.26	933.99	635.1	488.5	742.04	689.18	870.17
ENSG00000250312	ZNF718	170.4044722438401	1.878342956273063	1.4279457149814602e-4	58.81	108.62	81.4	250.54	453.17	207.02	91.35	177.97	92.45	135.66	267.39	120.49
ENSG00000024048	UBR2	2352.935540313279	-1.2124123330314762	1.5072584195355645e-4	3652.9	2372.63	3491.56	1089.07	1653.94	1365.1	1985.44	2283.34	2375.18	2742.96	3327.27	1895.84
ENSG00000114648	KLHL18	964.8943677957833	-1.1171851618230224	1.6309940871346034e-4	1878.64	2582.81	1721.84	785.19	994.67	1069.62	311.33	396.65	491.93	459.87	499	387.2
ENSG00000143224	PPOX	456.74470339831106	1.4830717514140765	1.9489869691141268e-4	101.06	155.17	199.19	419.57	381.48	470.51	520.13	495.52	732.76	609.1	427.44	969.03
ENSG00000225484	NA	220.79474738344425	-1.7089802713915072	2.0522654375377595e-4	800.16	379.45	209.72	155.84	145.94	123.59	137.96	150.05	130.12	170.93	124.28	121.52
ENSG00000187650	VMAC	183.31905495065763	-1.7329778150328665	2.1668949464724704e-4	168.15	102.97	260.48	49.75	39.68	70.89	178.04	148.89	196.31	261.82	220.31	502.54
ENSG00000157212	PAXIP1	592.5761198381696	1.2916006017203017	2.2471438544087775e-4	685.02	403.43	383.06	1021.34	1225.73	1359.45	257.27	442.01	475.95	275.38	291.87	290.4
ENSG00000143153	ATP1B1	253.8181445541595	-1.9437411396994768	2.254334662869405e-4	294.05	761.72	749.83	121.67	151.7	195.73	113.72	59.32	127.83	218.41	180.77	71.06
ENSG00000174886	NDUFA11	180.80197338793363	1.9682024319013018	2.2673350566455337e-4	55.5	80.4	32.56	300.29	136.33	218.32	268.45	237.29	170.06	113.95	182.65	373.81
ENSG00000135164	DMTF1	2794.9427042160414	-1.5527081556713411	2.4138657175375565e-4	3789.58	4470.19	5657.75	2319	924.26	1500.61	2749.78	2091.41	1436.98	2702.27	2131.56	3765.94
ENSG00000177406	NA	95.72302177630588	1.4660618275673858	2.631523091880674e-4	19.88	28.21	33.52	88.11	88.33	47.68	124.91	116.32	89.03	185.85	171.35	155.5
ENSG00000079785	DDX1	3055.8804673758436	1.1895182011331504	3.177612833284979e-4	1913.43	1538.96	1826.22	3231.26	4576.49	4233.94	2849.52	3748.95	3606.72	3573.18	3703.87	1868.04
ENSG00000162434	JAK1	7752.422105934571	-1.4305374186551179	3.299233556657681e-4	19682.6	11112.7	12513.5	4076.98	6431.41	5559.52	4381.01	6459.18	6464.7	6118.08	7066.91	3162.49
ENSG00000155380	SLC16A1	1963.4477811670772	1.8152466321356588	3.3232906370051114e-4	1311.23	988.83	980.63	2836.86	5117.35	3592.79	1189.4	1878.55	2198.27	1352.49	1715.42	399.56
ENSG00000163655	GMPS	1186.7525895142423	1.5122399395955362	3.514677930530887e-4	1200.24	672.86	1096.5	2394.52	3375.72	2705.1	372.85	524.6	603.78	402.9	657.17	234.79
ENSG00000186281	GPAT2	310.3068322837915	4.4609817696186305	3.514677930530887e-4	40.59	55.01	10.53	210.38	453.17	1668.73	36.35	127.95	669.98	59.69	77.2	314.09
ENSG00000111859	NEDD9	1333.9653044909614	1.6494510855747937	3.536826022194316e-4	609.65	473.96	218.34	990.77	1541.28	1552.67	1370.23	2357.78	1872.98	1687.56	2306.68	1025.67
ENSG00000118557	PMFBP1	46.864447887935256	-2.322758328163303	3.8262147495916264e-4	41.42	100.15	215.47	25.17	18.56	27.6	15.85	17.45	19.4	14.92	16.95	49.43
ENSG00000172345	STARD5	867.9879033941019	-1.5817013114905616	4.160212652616979e-4	297.37	599.5	568.84	209.78	137.61	141.78	1314.3	937.53	555.85	1691.63	1350.11	2611.55
ENSG00000132361	CLUH	2511.9655189574414	1.287095210002642	4.3212976195744864e-4	1940.76	1773.12	1353.15	3171.32	3613.19	5580.85	1702.07	1809.92	3154.73	2061.97	1643.86	2338.65
ENSG00000117411	B4GALT2	619.1666505470002	1.7998572873067782	4.61765761175031e-4	156.55	108.62	484.57	652.12	841.69	1121.06	660.88	858.43	882.28	484.29	632.69	546.82
ENSG00000163596	ICA1L	99.12964847255698	-1.3846522365892402	4.705024030007606e-4	180.57	248.27	352.41	86.31	104.33	108.53	35.42	25.59	33.1	6.78	0	8.24
ENSG00000197121	PGAP1	307.98285366626413	-1.8598072498067757	4.7459063872351206e-4	812.58	710.94	163.76	182.81	106.25	175.66	202.27	157.03	198.6	322.86	254.21	408.83
ENSG00000079134	THOC1	1053.6483569138697	-1.0324405933292358	4.828426752783173e-4	1759.36	2524.97	2209.28	1019.54	1066.99	1087.19	463.27	495.52	475.95	476.15	365.3	700.26
ENSG00000253899	NA	40.59872546167316	-1.7168980160119396	4.828426752783173e-4	86.97	86.05	69.91	16.78	35.84	21.33	16.78	30.24	27.39	37.98	41.43	16.48
ENSG00000215790	SLC35E2	628.3799818436636	-1.1913879051760945	6.511558331809994e-4	807.61	457.03	556.39	215.18	272.67	310.53	521.99	686.28	877.71	876.34	788.98	1169.84
ENSG00000113615	SEC24A	7293.155140830776	1.320012129417641	7.953908836730438e-4	1793.32	1376.74	1069.69	2621.09	4774.27	3191.3	9819.05	13816.34	13755.74	11620.29	16197.6	7482.45
ENSG00000175283	DOLK	275.58089211383964	1.2819142269481159	9.137678876397387e-4	133.36	91.69	60.33	184.61	247.07	264.11	344.89	389.67	410.89	393.4	514.06	272.89
ENSG00000113384	GOLPH3	5236.145904826336	1.5258547440184154	0.0011373071090607764	2917.35	1217.35	1416.35	4241.21	7330.7	4417.75	5892.92	8636.66	8224.68	5721.97	9136.33	3680.47
ENSG00000224373	IGHV4-59	79852.35566413961	3.033432581644604	0.0011373457751298235	2615.84	811.09	48.84	7178.77	13577.77	7706.28	81354.37	150947.95	108048.53	230305.77	309383.12	46249.93
ENSG00000253251	NA	205.47666396422164	-1.7947760655637248	0.001551541085485669	286.6	665.8	340.92	205.59	81.93	84.69	175.24	83.75	67.34	132.94	109.21	231.7
ENSG00000140497	SCAMP2	3740.020781835067	1.3786985254703974	0.0015974506589047227	2359.89	1286.47	1580.11	3245.04	5270.96	5078.34	3299.74	5220.38	6237.56	4043.9	5140.6	2117.25
ENSG00000125870	SNRPB2	2347.427885133182	1.1793054090316262	0.0016216933626885567	1442.94	2279.53	1285.16	5320.69	3531.9	2483.02	2713.43	2301.95	2007.66	1442.02	1915.01	1445.83
ENSG00000153207	AHCTF1	3227.304488921064	-1.0595058905017027	0.0016973704882311388	7092.93	5873.73	5900.99	2221.3	3408.36	3423.41	1358.11	1862.26	1882.11	2091.81	2370.7	1241.93
ENSG00000117091	CD48	6892.151864287969	-1.7277110042524213	0.002094484224629311	7316.57	27438.96	8792.11	6563.21	4088.12	2496.2	9167.49	4603.89	4935.27	2449.95	2167.34	2686.72
ENSG00000188002	NA	358.36845765830634	-1.3752509642512811	0.0021045952309136254	337.13	857.64	899.23	348.84	241.31	216.43	284.3	216.35	162.07	192.63	233.49	311
ENSG00000113273	ARSB	946.5198070121496	1.236967798795156	0.0024501583079963004	367.78	447.16	344.75	688.69	1029.23	1013.79	1055.17	1277.18	1303.44	1463.73	1758.73	608.61
ENSG00000224712	NPIPA3	681.2693557356157	-1.0019009616929901	0.0025382173487316574	1071.02	767.37	1240.15	555.62	443.57	538.89	571.4	493.19	505.63	861.42	434.97	692.02
ENSG00000111405	ENDOU	30.793347428735785	-3.214244830424313	0.0031666763794912667	22.36	5.64	252.82	11.99	5.76	12.55	13.98	3.49	9.13	9.5	3.77	18.54
ENSG00000226210	NA	1063.2514686582801	-1.237285988112097	0.003888623186342635	1563.87	2221.69	1745.78	949.42	495.41	900.86	835.19	700.24	712.21	893.97	450.04	1290.33
ENSG00000231345	NA	45.2732608153609	2.238879203303504	0.003907780816943243	3.31	31.03	10.53	124.67	44.8	35.13	68.98	36.06	38.81	69.18	28.25	52.52
ENSG00000261819	NA	171.71191923500174	1.3553447355634183	0.004101999068097933	80.35	45.14	82.36	128.87	204.82	201.38	183.63	271.02	334.42	175	259.85	93.71
ENSG00000019582	CD74	75636.01709873996	-1.4570674439557691	0.004817295541892564	237253.97	125132.78	143990.06	45241.77	68280.58	70916.77	25707.19	41340.83	50634.41	36159.09	50251.71	12723.06
ENSG00000137642	SORL1	200.91548860178594	-3.619451250644391	0.004831846732908503	1433.83	737.74	45.01	84.51	23.68	72.14	0	1.16	4.57	5.43	1.88	1.03
ENSG00000100379	KCTD17	157.44080479251699	1.0300318096454417	0.005053791236823546	125.08	115.67	146.52	212.78	257.31	321.83	93.21	120.97	178.05	112.59	128.04	77.23
ENSG00000151208	DLG5	56.64604606099416	1.33457702529706	0.0051127341099183885	38.93	12.7	28.73	58.74	62.73	85.95	55.93	40.71	65.06	101.74	67.79	60.76
ENSG00000104689	TNFRSF10A	535.4092128197282	-1.1701679390548392	0.007585168467054044	1387.44	1014.22	793.89	391.39	539.58	489.33	211.59	361.75	359.53	355.42	376.6	144.17
ENSG00000203644	NA	233.637829724055	-1.1262044771015518	0.007899581545531992	417.47	291.99	301.66	138.46	202.26	122.96	153.8	225.66	135.82	299.8	363.42	150.35
ENSG00000106829	TLE4	1372.3651385005069	-1.1568389341603378	0.008840500907407765	2223.22	1617.96	2993.59	675.5	1212.93	1177.52	741.04	1193.43	1508.89	1143.58	1335.05	645.68
ENSG00000108298	RPL19	66787.44173816833	-1.1952715242365621	0.009883110776369124	95567.72	213645.02	98982.81	84037.21	51192.03	43030.1	72700.48	38756.23	38735.67	17182.18	21586.75	26033.09
ENSG00000177570	SAMD12	471.704686882421	-1.401695562155286	0.010077801672128793	220.33	891.5	212.6	150.44	203.54	146.17	673	575.78	858.31	558.9	636.46	533.43
ENSG00000173715	C11orf80	831.5877231665548	-1.2260712236264026	0.010718956928903595	291.57	536.03	1213.33	245.15	319.39	308.03	809.09	965.45	861.73	1186.99	1564.78	1677.53
ENSG00000109458	GAB1	845.4673655218375	-1.5137573067727785	0.012193966384408944	344.58	249.68	1145.34	163.03	310.43	136.13	1023.48	1348.13	998.7	1367.41	2139.09	919.6
ENSG00000185482	STAC3	42.902246394064825	-1.4359164115169187	0.012513629823920697	104.37	63.48	144.6	56.94	22.4	36.39	11.19	13.96	25.11	12.21	5.65	18.54
ENSG00000217416	ISCA1P1	240.6302326691782	-1.260121962238121	0.01273044590933229	443.15	688.37	401.25	332.06	183.7	123.59	211.59	123.3	70.76	89.53	111.1	109.16
ENSG00000255769	NA	153.35525543914534	1.3988860421768092	0.01363859035387865	124.25	105.79	40.22	236.75	157.46	318.06	139.82	118.65	204.3	109.88	67.79	217.29
ENSG00000172794	RAB37	575.1905511677485	1.1746788305085605	0.015142450430228056	389.31	301.87	289.21	448.94	1071.47	693.84	546.23	619.98	1273.76	465.3	261.74	540.64
ENSG00000176485	PLA2G16	217.164696273845	1.8161451993553235	0.0154111575578063	125.91	139.65	13.41	311.68	252.19	416.56	332.77	140.75	497.64	120.73	62.14	192.57
ENSG00000084463	WBP11	5233.437503335551	-1.0160064990964723	0.018954649023227133	9034.51	9342.39	12025.11	3668.8	6423.09	4941.58	2033.91	3924.59	3904.61	2532.7	3523.1	1446.85
ENSG00000217930	PAM16	149.09879046872283	-1.3678125317286336	0.020428654631521406	219.51	228.52	343.79	155.24	49.29	102.26	112.79	76.77	58.21	94.96	79.09	268.78
ENSG00000059377	TBXAS1	1013.7714135836281	1.706825183837869	0.02202337055993473	404.22	184.79	34.48	552.03	858.97	626.09	988.99	2133.29	1553.4	1344.35	2801.91	682.75
ENSG00000163564	PYHIN1	100.41534311501145	-3.2411711030570807	0.026829625090224428	343.75	43.73	591.82	41.96	7.68	53.95	28.9	2.33	37.67	28.49	0	24.71
ENSG00000267680	ZNF224	119.24655203606447	-1.12947582080024	0.02810391836538233	118.45	98.74	147.48	84.51	37.12	45.17	137.02	101.2	77.61	165.5	109.21	308.94
ENSG00000179163	FUCA1	450.4596090228363	1.195506215615132	0.02811223387111694	202.11	215.82	284.42	347.64	739.92	521.32	427.85	496.68	385.78	797.66	804.04	182.27
ENSG00000224051	GLTPD1	452.16986330842957	1.1163158833496127	0.028202182202095635	295.71	131.19	113	287.1	407.08	479.29	421.32	567.64	810.37	743.39	811.57	358.37
ENSG00000114554	PLXNA1	276.1629875272798	-1.129108036617713	0.028359182123928857	709.87	674.27	272.93	191.2	240.67	325.59	63.38	129.11	208.87	179.07	156.29	162.71
ENSG00000172824	CES4A	145.79364058803407	1.2395440387963172	0.029118870639959105	76.21	63.48	71.82	253.54	89.61	156.84	238.63	138.42	94.73	188.56	90.38	287.31
ENSG00000176160	HSF5	27.927353887060452	-1.1559126142624876	0.030390770201993385	66.27	66.3	73.74	23.38	47.37	21.96	7.46	8.14	13.7	2.71	0	4.12
ENSG00000211939	IGHV1-8	32110.817751977524	3.1624455988292373	0.030631041919440213	950.09	411.89	0.96	2632.47	5678.69	3893.29	24443.22	61450.01	47694.25	69826.17	141995.41	26353.36
ENSG00000153989	NUS1	5202.417658470506	1.110975732585388	0.033877878256609754	3213.06	2372.63	1633.74	3547.13	7611.69	4435.32	5138.83	10091.81	6019.56	5285.15	9853.76	3226.33
ENSG00000154127	UBASH3B	214.67267090119537	1.6209286468360293	0.03793988004947694	71.24	18.34	231.75	183.41	590.78	217.06	269.39	347.79	454.26	82.75	75.32	33.98
ENSG00000173209	AHSA2	1177.336387286249	-1.2696693131651295	0.03946290340249443	1081.79	1533.32	2193.96	1083.08	274.59	636.75	1221.09	785.15	603.78	1298.23	730.61	2685.69
ENSG00000261716	NA	166.0724046342667	-1.2711973749519536	0.04165918128282522	145.78	111.44	229.83	112.68	39.68	49.56	241.42	112.83	77.61	280.81	152.52	438.69
ENSG00000213699	SLC35F6	798.4936666208355	1.0032761808162172	0.04615212141477215	555.8	365.35	398.38	584.4	1242.37	819.94	677.66	1093.4	1361.65	900.76	1191.94	390.29
