ensembl	BM1	BM2	BM3	prePB1	prePB2	prePB3	PB1	PB2	PB3	PC1	PC2	PC3
ENSG00000120686	4839	3960	3756	7600	5367	4089	10060	6037	4446	4736	3858	7625
ENSG00000169246	12836	9884	12142	6776	3815	5420	3032	2077	2103	2305	1169	4094
ENSG00000229239	0	0	0	0	0	0	0	0	0	0	0	0
ENSG00000202147	0	0	0	0	0	0	0	0	0	0	0	0
ENSG00000231356	0	0	0	0	0	0	0	0	0	0	0	0
ENSG00000172954	155	46	78	678	1135	858	203	285	255	174	163	73
ENSG00000077157	528	387	806	554	400	633	513	477	408	532	366	935
ENSG00000258799	0	0	0	0	0	0	0	0	0	0	0	0
ENSG00000171503	489	118	266	1168	1857	1380	500	514	480	506	411	523
ENSG00000240244	0	0	0	1	0	1	0	0	0	0	0	0
ENSG00000264656	0	0	0	0	0	0	0	0	0	0	0	0
ENSG00000268437	0	0	0	0	0	0	0	0	0	0	0	0
ENSG00000261783	1	3	1	6	2	4	5	1	0	2	0	0
ENSG00000185480	83	103	140	3368	1978	1535	688	597	426	105	126	444
ENSG00000206340	0	0	0	0	0	0	0	0	0	0	0	0
ENSG00000262237	0	0	0	0	0	0	0	0	0	0	0	0
ENSG00000263354	0	0	0	0	0	0	0	0	0	0	0	0
ENSG00000182752	4	14	32	2	5	2	7	4	1	4	1	13
ENSG00000260302	2	0	0	0	1	3	0	0	0	0	1	2
ENSG00000130803	6737	3006	4523	1825	2051	2059	961	1032	1307	998	720	791
ENSG00000180269	0	0	0	0	0	0	0	0	0	0	0	0
ENSG00000271512	0	0	0	0	0	0	0	0	0	0	0	0
ENSG00000156265	193	92	103	207	147	132	66	54	59	43	40	103
ENSG00000196966	0	0	0	21	4	9	42	16	16	49	24	62
ENSG00000266141	0	1	0	0	0	0	0	1	0	0	0	0
ENSG00000200480	0	0	0	0	0	0	0	0	0	0	0	0
ENSG00000140497	2849	912	1650	5414	8235	8095	3540	4488	5465	2981	2730	2056
ENSG00000269064	1	1	0	0	0	0	0	0	0	0	0	0
ENSG00000130881	0	0	0	0	2	0	0	0	0	0	0	0
ENSG00000261017	4	0	3	0	0	0	0	0	1	0	0	0
ENSG00000114744	1515	1057	1278	2576	2094	1537	766	631	575	355	284	508
ENSG00000254315	3	2	3	0	0	1	0	0	0	1	0	1
ENSG00000140932	2	0	5	2	4	1	2	0	1	2	0	3
ENSG00000171133	0	0	0	2	0	0	0	0	0	0	1	0
ENSG00000214821	1	0	1	5	2	4	2	0	2	3	1	0
ENSG00000258159	0	0	1	1	0	0	7	1	2	3	2	11
ENSG00000234888	0	0	0	0	0	0	0	0	0	0	0	0
ENSG00000225036	0	0	0	0	0	0	0	0	0	0	0	0
ENSG00000266062	0	0	0	0	0	0	0	0	0	0	0	0
ENSG00000162897	2	0	1	1	0	0	0	0	0	0	0	0
ENSG00000266677	48	36	48	8	5	3	11	0	2	0	0	4
ENSG00000224412	0	0	0	3	0	0	0	0	0	0	0	0
ENSG00000261370	0	0	0	0	0	0	0	0	0	0	0	0
ENSG00000203644	504	207	315	231	316	196	165	194	119	221	193	146
ENSG00000236667	0	0	0	0	0	0	0	0	0	0	0	0
ENSG00000236905	0	1	4	5	1	1	6	0	2	2	2	0
ENSG00000248416	2	1	3	0	0	0	4	1	0	0	1	2
ENSG00000236581	0	0	0	1	0	0	0	0	0	0	0	0
ENSG00000250447	0	0	0	11	6	7	3	2	2	0	0	0
ENSG00000152117	4973	3165	4728	2280	1557	2241	573	564	637	569	309	808
ENSG00000207116	0	0	0	2	0	0	0	0	0	0	0	0
ENSG00000171962	350	213	248	93	31	56	45	24	30	26	29	105
ENSG00000163938	2142	1286	1731	6898	8042	8330	4626	5060	4000	2982	2148	3423
ENSG00000264808	0	0	1	4	1	9	0	1	1	0	1	1
ENSG00000244337	0	0	0	0	0	0	0	0	0	0	0	0
ENSG00000225269	0	0	0	0	0	0	0	0	0	0	0	0
ENSG00000163121	0	0	0	0	1	3	4	1	1	9	4	10
ENSG00000263277	0	0	0	0	0	0	0	0	0	0	0	0
ENSG00000223638	0	0	0	0	0	1	0	0	0	0	0	0
ENSG00000109576	0	0	0	0	0	0	0	0	0	0	0	1
ENSG00000266951	0	0	0	1	0	0	0	0	0	0	0	0
ENSG00000262288	0	0	0	0	0	0	0	0	0	0	0	0
ENSG00000238986	0	1	0	0	0	0	0	0	0	0	0	0
ENSG00000234715	0	0	0	0	0	0	0	0	0	0	0	0
ENSG00000260703	0	0	0	0	0	0	0	0	0	0	0	0
ENSG00000227682	0	0	0	0	2	0	1	1	0	0	0	0
ENSG00000185414	2	4	0	0	2	0	3	1	0	0	0	1
ENSG00000172236	0	0	0	0	0	0	0	0	0	0	0	0
ENSG00000184924	402	763	503	814	432	334	479	194	165	42	60	113
ENSG00000253735	0	0	0	0	0	0	0	0	0	0	0	0
ENSG00000237187	0	0	0	1	0	0	0	0	0	0	0	0
ENSG00000176542	8945	3551	6001	1282	1592	1407	1080	1005	1096	919	870	942
ENSG00000217416	535	488	419	554	287	197	227	106	62	66	59	106
ENSG00000101003	0	0	5	4028	3280	2307	600	771	576	165	204	392
ENSG00000173598	6795	3505	5833	5854	7725	6242	4670	4367	4191	2796	2847	3185
ENSG00000269381	0	0	0	0	0	0	0	0	0	0	0	0
ENSG00000218819	2	9	0	21	10	32	35	12	53	8	10	88
ENSG00000268330	0	0	0	0	0	0	0	0	0	0	0	0
ENSG00000252133	0	0	0	0	0	1	0	0	0	0	0	0
ENSG00000261448	12	18	15	61	35	33	20	8	3	7	3	4
ENSG00000258809	0	0	0	4	1	0	0	0	0	0	0	0
ENSG00000212997	27	45	47	7	1	2	4	2	0	0	2	1
ENSG00000260788	0	0	0	0	0	0	0	0	0	0	0	0
ENSG00000248991	0	0	0	0	0	0	0	0	0	0	0	0
ENSG00000223539	0	0	0	0	0	0	0	0	0	0	0	0
ENSG00000169679	30	25	10	11057	14956	11901	3535	5446	4777	1018	1204	1842
ENSG00000273178	0	0	0	0	0	0	0	0	0	0	0	0
ENSG00000137185	377	130	253	392	320	363	319	226	226	273	152	327
ENSG00000176396	435	161	291	283	302	338	143	130	127	109	80	129
ENSG00000221199	0	0	0	0	0	0	0	0	0	0	0	0
ENSG00000149761	359	119	296	813	663	870	861	718	874	443	369	768
ENSG00000014919	233	125	182	2727	3345	2843	1243	1264	1503	787	792	802
ENSG00000240994	0	0	1	0	0	0	0	0	0	0	0	0
ENSG00000206702	0	0	0	0	0	0	0	0	1	0	0	0
ENSG00000135828	101	30	152	399	670	608	270	257	303	355	268	332
ENSG00000225140	0	0	0	0	0	0	0	2	0	0	0	0
ENSG00000213385	10	2	9	25	5	15	6	8	6	7	2	15
ENSG00000263063	0	0	0	1	0	4	0	0	0	1	3	0
ENSG00000231902	0	0	0	0	0	0	0	0	0	0	0	0
ENSG00000268115	0	0	0	0	0	0	0	0	0	0	0	0
ENSG00000251055	0	0	0	0	0	0	0	0	0	0	0	0
ENSG00000221105	0	0	0	0	0	0	0	0	0	0	0	0
ENSG00000256053	71	42	60	503	495	400	172	151	143	80	86	118
ENSG00000234163	0	0	0	0	0	1	0	0	0	0	0	0
ENSG00000113384	3522	863	1479	7076	11453	7042	6322	7425	7206	4218	4852	3574
ENSG00000255479	0	0	0	0	0	0	0	0	2	0	0	0
ENSG00000267517	0	0	0	0	0	0	0	0	0	0	0	0
ENSG00000199012	0	0	0	0	0	0	0	0	0	0	0	0
ENSG00000239593	0	1	0	0	0	0	0	0	0	0	0	0
ENSG00000265091	0	0	0	0	0	0	0	0	0	0	0	0
ENSG00000140396	4175	1503	4007	3410	4963	4334	2349	2643	2947	2222	2013	1816
ENSG00000254801	0	0	0	0	0	0	0	0	0	0	0	0
ENSG00000204670	0	0	0	3	4	0	8	5	0	15	18	7
ENSG00000271446	0	0	0	0	0	0	0	0	0	0	0	0
ENSG00000233849	0	0	0	0	0	0	0	0	0	0	0	0
ENSG00000222924	0	0	0	0	0	0	0	0	0	0	0	0
ENSG00000259445	0	1	0	0	0	1	0	1	0	1	0	2
ENSG00000186082	0	0	0	0	0	0	0	0	0	0	0	0
ENSG00000116584	3912	1529	2878	3422	4758	4565	2482	3088	3699	2749	2449	2433
ENSG00000200494	0	0	0	3	0	0	0	0	0	4	0	0
ENSG00000260410	0	0	0	3	1	0	5	0	1	0	0	0
ENSG00000216204	0	1	0	0	0	0	0	0	0	0	0	0
ENSG00000259607	0	0	0	0	0	0	0	0	0	0	1	0
ENSG00000235080	0	0	0	0	0	0	0	0	0	0	0	0
ENSG00000113761	512	182	342	729	773	983	322	308	346	239	140	361
ENSG00000228375	0	0	0	0	0	0	0	0	0	0	0	0
ENSG00000206889	0	0	0	0	0	0	0	0	0	0	0	0
ENSG00000267867	0	0	0	0	0	0	0	0	0	0	0	0
ENSG00000135951	91	92	109	212	115	70	184	69	38	138	69	112
ENSG00000217930	265	162	359	259	77	163	121	66	51	70	42	261
ENSG00000264715	0	0	0	0	0	1	0	0	0	0	0	0
ENSG00000014641	1671	1499	1529	20506	12317	9632	4424	3124	3129	1700	1650	2072
ENSG00000117632	130	101	183	26674	16545	12755	3673	3606	3212	537	960	1947
ENSG00000258844	0	0	0	0	0	0	0	0	0	0	0	0
ENSG00000188712	0	0	0	0	0	0	0	0	0	0	0	0
ENSG00000265750	0	0	0	0	0	0	0	0	0	0	0	0
ENSG00000222472	0	0	0	0	0	0	0	0	0	0	0	0
ENSG00000229017	5	2	5	8	1	0	12	3	5	6	7	7
ENSG00000272717	26	16	12	27	20	10	3	3	3	2	4	4
ENSG00000261070	19	1	2	0	0	0	0	0	0	3	0	1
ENSG00000171219	347	124	274	39	19	27	12	10	13	2	9	5
ENSG00000260051	418	155	177	37	8	30	46	20	23	58	15	107
ENSG00000255271	0	0	0	0	0	0	0	0	0	0	0	0
ENSG00000119185	416	485	509	6905	4369	3961	1338	834	791	448	278	685
ENSG00000250519	0	0	0	2	0	0	0	0	0	0	0	0
ENSG00000267951	0	0	0	0	0	0	0	0	0	0	0	0
ENSG00000221804	0	0	0	0	0	0	0	0	0	0	0	0
ENSG00000219445	0	0	0	0	0	0	0	0	0	0	0	0
ENSG00000134007	1	1	1	3	1	0	2	7	1	0	3	0
ENSG00000265280	5	13	5	5	1	5	2	1	2	0	1	4
ENSG00000207338	0	0	0	0	0	0	0	0	0	0	0	0
ENSG00000241777	0	0	0	0	0	0	0	0	0	0	0	0
ENSG00000263225	0	0	0	0	0	0	0	0	0	0	0	0
ENSG00000091513	1	6	9	7	0	0	16	9	5	12	6	31
ENSG00000272065	55	24	96	4	3	5	5	5	0	3	0	3
ENSG00000231514	0	0	0	0	0	0	0	0	0	0	0	0
ENSG00000260446	0	0	0	0	0	0	0	0	0	0	0	0
ENSG00000103740	23	25	28	10	5	13	15	32	28	26	20	60
ENSG00000247679	350	170	429	78	36	95	81	52	70	43	33	150
ENSG00000213036	47	25	40	84	28	25	45	15	14	7	7	8
ENSG00000140538	0	0	0	32	3	12	9	5	3	17	2	6
ENSG00000207983	0	0	0	0	0	1	0	0	0	0	0	0
ENSG00000252100	0	0	0	0	0	0	0	0	0	0	0	0
ENSG00000138083	0	0	0	0	0	0	0	1	0	0	0	0
ENSG00000262755	0	0	0	0	0	0	0	0	0	0	0	0
ENSG00000168228	421	297	341	759	700	703	320	239	278	167	118	311
ENSG00000166860	3041	1575	2304	919	611	654	537	517	515	568	415	692
ENSG00000262037	0	0	0	0	0	0	0	0	0	0	0	0
ENSG00000102879	15984	5449	7794	49190	65921	68310	5534	5605	13493	1995	1349	1912
ENSG00000254834	0	0	0	0	0	0	0	0	0	0	0	0
ENSG00000154330	2	2	3	7	2	3	2	5	1	2	0	1
ENSG00000272647	1	0	0	0	0	1	0	0	0	0	0	1
ENSG00000273263	0	0	0	0	0	0	0	0	0	0	0	0
ENSG00000071073	1325	709	308	1360	1340	1656	803	602	843	375	409	652
ENSG00000122986	1244	355	2255	552	1048	924	47	52	336	11	12	13
ENSG00000145681	0	0	0	0	0	0	0	0	0	0	0	0
ENSG00000196834	1	0	2	2	11	4	0	1	0	0	0	2
ENSG00000162191	5684	3847	3235	2501	3208	2951	1174	999	1462	738	487	868
ENSG00000228444	1	1	1	0	0	4	0	2	0	0	0	8
ENSG00000261025	0	0	0	0	0	0	0	0	0	0	0	0
ENSG00000265505	0	0	0	0	0	0	0	0	0	0	0	0
ENSG00000189306	1931	822	1662	3205	3091	2725	741	640	766	566	437	381
ENSG00000157593	1957	1771	992	1690	2437	2356	1134	1375	1573	760	683	650
ENSG00000253016	0	0	0	0	0	0	0	0	0	0	0	0
ENSG00000197595	1	0	0	2	2	3	0	1	0	0	0	0
ENSG00000197860	797	458	1008	645	716	500	225	242	160	182	125	165
ENSG00000106236	0	0	0	0	0	0	0	1	0	0	0	0
ENSG00000267592	4	6	1	0	0	0	0	0	0	0	0	0
ENSG00000230948	0	0	0	0	0	0	0	0	0	0	0	0
ENSG00000152056	1751	890	1136	438	375	367	107	137	115	72	57	109
ENSG00000115947	539	333	383	1825	1213	900	734	560	441	434	402	484
ENSG00000178935	330	199	379	634	639	539	533	461	441	333	262	371
ENSG00000225602	16	10	12	2	0	0	0	1	0	1	0	1
ENSG00000232825	0	0	0	0	0	0	0	0	0	0	0	0
ENSG00000256288	1	0	0	0	0	0	0	0	0	0	0	0
ENSG00000234429	0	0	0	0	0	0	0	0	0	0	0	0
ENSG00000242615	11	6	6	28	21	22	9	9	8	2	4	8
ENSG00000231166	0	0	0	0	0	0	0	0	0	0	0	0
ENSG00000242103	0	0	0	0	0	0	0	0	0	0	0	0
ENSG00000230484	0	0	0	0	0	0	0	0	0	0	0	0
ENSG00000224565	3	13	13	51	10	29	75	34	36	23	6	21
ENSG00000228526	0	0	0	1	1	6	3	2	5	7	0	6
ENSG00000207954	0	0	0	0	2	0	2	6	0	0	1	0
ENSG00000171557	0	0	0	0	0	0	0	0	0	0	0	0
ENSG00000258035	0	3	0	7	15	6	0	1	1	0	0	0
ENSG00000133704	1562	855	1581	3025	4185	2964	1940	1858	1862	1683	1280	1282
ENSG00000205863	0	0	0	2	4	2	2	0	1	0	0	1
ENSG00000198339	5	6	1	53	24	31	26	10	9	25	6	38
ENSG00000266743	0	0	0	0	0	0	3	0	0	0	0	0
ENSG00000231234	25	45	38	110	63	51	50	30	23	30	10	43
ENSG00000159216	629	369	1279	501	698	405	781	1319	606	880	1677	775
ENSG00000184697	1	0	0	0	0	2	0	0	1	0	0	0
ENSG00000181798	0	0	0	24	18	25	25	8	16	19	5	25
ENSG00000236710	0	0	0	0	0	0	0	0	0	0	0	0
ENSG00000233830	638	267	435	675	1013	934	196	222	302	194	143	120
ENSG00000113615	2165	976	1117	4373	7459	5087	10534	11878	12052	8566	8602	7266
ENSG00000234260	0	0	0	0	0	0	0	0	0	0	0	0
ENSG00000249847	0	0	0	0	0	0	0	0	0	0	0	0
ENSG00000258044	9	22	34	3	0	1	1	1	1	0	0	5
ENSG00000101608	3282	1627	3200	16741	14058	9773	5184	3542	4771	1530	1460	1712
ENSG00000181092	0	0	0	0	0	0	1	0	0	0	0	0
ENSG00000255769	150	75	42	395	246	507	150	102	179	81	36	211
ENSG00000222161	0	0	0	0	0	0	0	0	0	0	0	0
ENSG00000242398	3	10	12	2	0	7	1	0	0	0	0	1
ENSG00000244754	2523	1662	2989	2888	1957	2069	2695	1863	1553	1937	1163	3599
ENSG00000064545	108	45	52	456	631	695	317	342	486	254	222	342
ENSG00000207631	20	6	27	3	1	6	8	2	3	1	1	8
ENSG00000170790	0	0	0	0	0	0	0	0	0	0	0	1
ENSG00000230623	0	0	0	0	2	0	0	1	0	0	0	1
ENSG00000226761	4	13	5	2	7	3	6	0	2	0	0	1
ENSG00000229505	0	0	0	0	0	0	0	0	0	0	0	0
ENSG00000268811	0	0	0	0	0	0	0	0	0	0	0	0
ENSG00000263366	0	0	0	0	0	0	0	0	0	0	0	0
ENSG00000263675	5	8	8	9	1	6	0	0	1	1	0	5
ENSG00000170613	0	0	0	0	1	2	0	0	0	0	0	0
ENSG00000222080	0	0	0	0	0	0	0	0	0	0	0	0
ENSG00000230925	7	11	17	1	0	0	0	0	0	0	0	2
ENSG00000127530	0	0	0	0	0	0	0	0	0	0	0	0
ENSG00000207925	0	0	0	0	0	0	0	0	0	0	0	0
ENSG00000242479	0	0	0	0	0	0	0	0	0	0	0	0
ENSG00000234460	0	0	0	0	0	0	0	0	0	0	0	0
ENSG00000253431	1	1	0	0	0	0	0	0	0	0	1	0
ENSG00000225051	15	7	3	12	2	2	2	3	1	2	2	3
ENSG00000240997	0	0	0	0	0	0	0	0	0	0	0	0
ENSG00000230153	0	0	0	0	0	0	0	0	0	0	0	0
ENSG00000232395	0	0	0	0	0	0	0	0	0	0	0	0
ENSG00000206312	0	0	0	0	0	0	0	0	0	0	0	0
ENSG00000206751	0	0	0	0	0	0	0	0	0	0	0	0
ENSG00000187010	29	12	57	14	18	13	15	13	13	15	9	34
ENSG00000235265	0	0	0	0	0	0	0	0	0	0	0	0
ENSG00000228212	5	7	12	1	2	1	0	0	1	1	0	0
ENSG00000241985	0	0	0	0	0	0	0	0	0	0	0	0
ENSG00000252111	0	0	0	0	0	0	0	0	0	0	0	0
ENSG00000173404	0	0	0	0	0	0	0	0	0	0	0	0
ENSG00000229117	81526	101716	82157	155348	91379	65008	78952	34942	32780	16769	16600	28895
ENSG00000245105	0	0	0	1	0	0	0	0	1	1	0	0
ENSG00000238840	0	0	0	0	0	0	0	0	0	0	0	0
ENSG00000143457	82	29	65	2182	2948	1774	2932	2395	2335	1842	1818	1528
ENSG00000223308	0	0	0	0	0	0	0	0	0	0	0	0
ENSG00000203645	1	0	0	3	0	0	0	0	0	0	0	0
ENSG00000120075	1	0	0	0	0	2	0	0	0	0	0	0
ENSG00000255823	273	218	109	75	322	42	23	339	20	6	173	26
ENSG00000101040	377	235	1432	1911	2151	2252	1412	1566	1862	1192	912	1541
ENSG00000238652	0	0	0	0	0	0	0	0	0	0	0	0
ENSG00000266958	0	0	1	0	0	1	0	0	0	0	0	1
ENSG00000232240	1	0	0	0	0	0	0	0	0	0	0	0
ENSG00000268160	0	0	0	0	0	0	0	0	0	0	0	0
ENSG00000211870	0	0	0	0	0	1	0	0	0	0	0	1
ENSG00000262589	0	0	0	0	0	0	0	0	0	0	0	0
ENSG00000128524	1977	1398	1344	2445	2654	2305	1536	1224	1393	686	688	674
ENSG00000223552	0	0	0	14	2	11	5	7	15	1	0	13
ENSG00000117533	1824	612	1275	907	792	536	1002	546	428	547	366	845
ENSG00000222526	0	0	0	0	0	0	0	0	0	0	0	0
ENSG00000254020	0	0	0	0	0	0	0	0	0	0	0	0
ENSG00000259958	0	0	0	0	0	0	0	0	0	0	0	0
ENSG00000272664	0	0	0	0	0	0	0	0	0	0	0	0
ENSG00000112337	0	0	0	0	0	0	0	0	0	0	0	0
ENSG00000238368	1	0	1	0	0	0	0	0	1	0	0	0
ENSG00000250451	0	0	0	0	0	0	0	0	0	0	0	0
ENSG00000134982	1816	651	765	1125	1091	1284	1062	939	811	999	670	1222
ENSG00000229084	2	0	6	0	0	0	0	0	0	0	0	0
ENSG00000257503	0	0	0	0	0	0	0	0	0	0	0	0
ENSG00000228823	0	0	0	0	0	0	0	1	0	0	0	0
ENSG00000201959	0	0	0	0	0	0	0	0	0	0	0	0
ENSG00000231789	32	31	49	449	290	259	320	131	191	116	72	174
ENSG00000268529	1	1	1	0	1	0	0	0	0	0	1	0
ENSG00000237705	59	71	119	2	0	1	0	0	1	0	0	1
ENSG00000230044	0	0	0	0	0	1	0	0	0	0	0	0
ENSG00000260861	0	0	0	0	0	0	0	0	0	0	0	0
ENSG00000202056	0	0	0	0	0	0	0	0	0	0	0	0
ENSG00000077942	0	0	0	0	0	0	0	0	0	0	0	0
ENSG00000132361	2343	1257	1413	5291	5645	8896	1826	1556	2764	1520	873	2271
ENSG00000252906	3	4	14	0	0	0	2	0	0	0	0	0
ENSG00000166143	0	0	0	0	0	0	0	0	0	0	0	1
ENSG00000269551	0	0	0	0	0	0	0	0	0	0	0	0
ENSG00000227216	24	18	23	6	2	10	3	2	3	3	1	14
ENSG00000187024	0	2	0	2	0	1	2	0	1	0	0	0
ENSG00000231357	2	1	3	0	0	1	0	0	1	0	0	0
ENSG00000236259	0	0	0	3	0	0	0	0	0	0	0	0
ENSG00000211844	0	0	0	0	4	3	0	0	0	0	0	0
ENSG00000205869	13	9	5	0	0	0	0	0	0	0	0	0
ENSG00000171489	0	2	1	0	0	3	4	5	1	0	0	0
ENSG00000002834	6310	1668	2417	5388	8424	7819	3879	4863	6331	3567	3325	2662
ENSG00000214161	0	0	0	0	0	0	0	0	0	0	0	0
ENSG00000258280	0	0	0	0	0	0	0	0	0	0	0	0
ENSG00000268737	0	0	0	0	0	0	0	0	0	0	0	0
ENSG00000231123	0	0	0	0	0	0	0	0	0	0	0	0
ENSG00000134086	8297	2858	5358	2546	2982	3139	1564	1370	1589	1245	664	1379
ENSG00000235455	0	0	0	0	0	0	0	0	0	0	0	0
ENSG00000223753	0	0	0	0	0	0	3	0	0	0	0	0
ENSG00000163655	1449	477	1145	3995	5274	4312	400	451	529	297	349	228
ENSG00000259183	0	0	0	0	0	0	0	0	0	0	0	0
ENSG00000272981	0	0	0	0	0	0	0	0	0	0	0	0
ENSG00000264147	0	0	0	0	0	0	0	0	0	0	0	0
ENSG00000112293	23	19	76	16	19	16	10	18	12	30	11	47
ENSG00000110497	1742	806	849	1137	1560	1638	702	837	1119	790	631	578
ENSG00000264024	1	2	6	9	2	9	11	6	12	10	4	40
ENSG00000204533	52	25	4	102	14	64	58	7	24	65	43	132
ENSG00000049192	298	308	960	107	48	66	61	56	58	62	12	70
ENSG00000214641	0	2	1	1	0	0	2	0	0	0	0	0
ENSG00000178726	40	20	3	0	0	0	0	0	0	0	0	0
ENSG00000099817	794	262	452	5478	7404	8652	1181	1376	1924	906	695	795
ENSG00000203606	0	0	0	0	0	0	0	0	0	0	0	0
ENSG00000226560	0	0	0	0	0	0	0	0	0	0	0	0
ENSG00000079134	2124	1790	2307	1701	1667	1733	497	426	417	351	194	680
ENSG00000268369	0	0	0	0	0	0	0	0	0	0	0	0
ENSG00000229957	4	9	0	0	0	0	0	0	0	0	0	0
ENSG00000231957	1	0	0	0	0	0	0	0	0	0	0	0
ENSG00000238202	0	0	0	0	0	0	0	0	0	0	0	0
ENSG00000248434	0	0	0	0	0	0	0	0	0	0	0	0
ENSG00000219565	1	2	0	0	1	0	1	0	0	2	0	1
ENSG00000139734	2	0	1	1672	2925	2119	270	598	568	81	144	177
ENSG00000197757	0	0	0	0	0	0	0	1	1	0	3	0
ENSG00000266119	0	0	0	0	0	0	0	0	0	0	0	0
ENSG00000233492	0	0	0	0	0	0	0	0	0	0	0	0
ENSG00000199492	0	0	0	0	0	0	0	0	0	0	0	0
ENSG00000134121	22	25	18	3	4	3	0	6	2	1	0	0
ENSG00000123353	250	138	221	1508	824	638	1550	912	656	396	434	646
ENSG00000231484	0	0	0	0	0	0	0	0	0	0	0	0
ENSG00000265189	0	0	0	0	0	0	0	0	0	0	0	0
ENSG00000156009	1	1	1	2	0	0	1	0	2	1	0	1
ENSG00000176160	80	47	77	39	74	35	8	7	12	2	0	4
ENSG00000266171	0	4	0	2	0	1	0	0	1	0	3	2
ENSG00000166801	558	245	1221	4999	4032	3526	1995	1692	1288	1697	968	3197
ENSG00000139537	51	33	70	37	41	37	105	71	70	49	36	230
ENSG00000226937	12	24	37	20	11	12	23	3	2	6	2	36
ENSG00000237242	0	0	0	0	0	0	0	0	0	0	0	0
ENSG00000234514	0	0	0	0	0	0	0	0	0	0	0	0
ENSG00000273486	6	2	6	35	15	17	27	33	19	21	28	94
ENSG00000221046	0	0	0	0	0	0	0	0	0	0	0	0
ENSG00000235631	0	0	0	2	0	1	1	0	0	0	3	0
ENSG00000175556	38	23	215	0	1	1	0	0	0	0	0	0
ENSG00000261105	0	0	3	3	0	4	7	8	0	4	0	2
ENSG00000262072	0	0	0	0	0	0	0	0	0	0	0	0
ENSG00000239300	33	51	113	11	3	4	11	4	4	8	7	11
ENSG00000265118	0	0	0	3	0	0	2	0	0	0	0	1
ENSG00000255565	0	0	0	0	0	0	0	0	0	0	0	0
ENSG00000241850	0	0	0	0	0	0	0	0	0	0	0	0
ENSG00000200241	9	11	19	1	1	0	0	0	0	0	0	2
ENSG00000221526	0	0	0	0	0	0	0	0	0	0	0	0
ENSG00000108474	394	294	539	453	335	328	266	198	156	206	111	436
ENSG00000252519	0	0	0	0	0	0	0	0	0	0	0	0
ENSG00000247121	14	11	21	39	21	19	41	24	23	40	14	40
ENSG00000161570	350	112	218	201	345	481	3	6	3	0	1	1
ENSG00000258239	0	0	0	0	0	0	0	0	0	0	0	0
ENSG00000132286	1182	807	1156	1455	1167	990	953	585	551	537	413	619
ENSG00000233028	0	0	0	0	0	0	0	0	0	0	0	0
ENSG00000226026	2	0	11	4	0	0	0	0	0	1	1	2
ENSG00000270929	0	0	0	0	0	0	0	0	0	0	0	0
ENSG00000188493	151	61	80	1132	1148	1250	591	625	819	384	274	825
ENSG00000231060	0	0	0	0	0	0	0	0	0	0	0	0
ENSG00000231849	2	2	2	0	0	0	0	0	0	0	0	0
ENSG00000176715	825	587	1073	1344	1092	1492	2118	1508	1604	1698	932	2349
ENSG00000262717	0	0	0	0	0	0	0	0	0	0	0	0
ENSG00000235942	0	0	0	0	0	0	0	0	0	0	0	0
ENSG00000260108	0	0	0	0	0	0	0	0	0	0	0	0
ENSG00000185633	12	2	30	218	167	124	79	67	151	46	28	100
ENSG00000197930	1611	504	752	7335	10377	7607	3260	3555	4024	2211	2087	1289
ENSG00000227354	35	32	63	136	149	135	99	86	71	71	78	152
ENSG00000224791	0	0	0	0	0	0	0	0	0	0	0	0
ENSG00000161573	0	0	0	0	0	0	0	0	0	0	0	1
ENSG00000241757	0	0	0	0	0	0	0	0	0	0	0	0
ENSG00000197106	2	1	1	0	1	0	0	0	0	0	0	0
ENSG00000260863	0	0	0	0	0	0	0	0	0	0	0	0
ENSG00000002933	0	0	1	0	0	1	0	0	0	1	0	0
ENSG00000160972	42	37	28	95	98	113	36	64	70	50	32	113
ENSG00000225832	0	0	0	0	0	0	1	0	0	0	0	0
ENSG00000249487	0	0	0	0	0	0	2	0	0	0	0	0
ENSG00000158373	30	18	17	224	163	177	299	163	187	1064	557	537
ENSG00000147162	11545	10273	22899	25218	8848	14112	35124	15021	11855	16957	7876	43493
ENSG00000114554	857	478	285	319	376	519	68	111	183	132	83	158
ENSG00000231375	0	0	0	0	0	0	0	0	0	0	0	0
ENSG00000242509	0	0	0	0	0	0	0	0	0	0	0	0
ENSG00000137197	0	0	0	0	0	0	0	0	0	0	0	0
ENSG00000243829	43	48	37	32	29	38	38	7	23	6	6	11
ENSG00000228551	0	0	1	12	5	4	3	3	2	0	0	7
ENSG00000226804	0	0	0	0	0	0	0	0	0	0	0	0
ENSG00000266667	0	0	0	0	0	1	1	0	0	5	1	10
ENSG00000260237	0	0	0	0	0	0	0	0	0	0	0	0
ENSG00000265925	0	0	0	0	0	0	0	0	0	0	0	0
ENSG00000248339	0	0	0	0	0	0	0	0	0	0	0	0
ENSG00000240040	6	3	5	17	40	28	233	209	282	202	218	419
ENSG00000208013	0	0	0	0	0	0	0	0	0	0	0	1
ENSG00000261149	0	0	0	0	0	0	0	0	0	0	0	0
ENSG00000268186	0	0	0	1	3	0	3	8	1	2	1	0
ENSG00000108442	0	0	0	0	0	0	0	0	0	0	0	0
ENSG00000216032	0	0	0	0	0	0	0	0	0	0	0	0
ENSG00000248663	0	0	0	0	2	0	0	0	0	0	0	0
ENSG00000243517	24	54	44	40	17	24	15	10	10	3	2	12
ENSG00000224246	0	0	0	0	0	0	0	0	0	0	0	0
ENSG00000245937	145	79	137	1066	1234	1061	608	503	590	459	455	453
ENSG00000234756	0	0	0	0	0	0	0	0	0	0	0	0
ENSG00000257295	0	0	0	0	0	0	0	0	0	0	0	0
ENSG00000252798	0	0	0	1	0	0	0	0	0	0	0	0
ENSG00000120594	8	2	5	1	2	2	0	0	0	0	1	1
ENSG00000260461	24	12	87	21	21	22	18	12	14	30	14	37
ENSG00000267817	0	0	0	0	0	0	0	0	0	0	0	0
ENSG00000271862	54	37	44	47	12	23	55	18	12	7	8	48
ENSG00000198467	13	10	41	6	10	245	3	1	15	6	3	19
ENSG00000198788	0	0	0	0	0	0	0	0	0	0	0	0
ENSG00000256982	0	0	0	2	0	0	0	0	1	0	0	0
ENSG00000261203	5	4	7	1	5	0	1	0	0	3	0	1
ENSG00000199025	0	0	0	0	0	0	0	0	0	0	0	0
ENSG00000229060	0	0	0	0	0	0	0	0	0	0	0	0
ENSG00000186377	0	0	0	1	0	0	0	0	0	0	0	0
ENSG00000264721	0	0	0	0	0	0	0	0	0	0	0	0
ENSG00000200653	0	0	0	0	0	0	0	0	0	0	0	0
ENSG00000273421	0	0	0	0	0	0	0	0	0	0	0	0
ENSG00000270663	0	0	0	0	0	0	0	0	0	0	0	0
ENSG00000259405	0	0	0	18	10	4	6	14	3	1	1	1
ENSG00000165506	667	984	399	1433	945	852	1008	498	558	333	242	653
ENSG00000261829	0	0	0	2	0	1	0	0	0	0	0	0
ENSG00000183876	972	511	399	0	0	0	0	1	0	0	1	0
ENSG00000059377	488	131	36	921	1342	998	1061	1834	1361	991	1488	663
ENSG00000100211	10	9	4	128	157	134	89	81	79	79	51	135
ENSG00000231434	1	0	6	34	34	39	4	9	4	3	5	3
ENSG00000235704	5	1	7	3	0	1	0	6	1	0	0	1
ENSG00000206310	0	0	0	0	0	0	0	0	0	0	0	0
ENSG00000251957	12	15	13	3	0	1	2	1	4	3	0	1
ENSG00000242735	0	0	0	0	0	0	0	0	0	0	0	0
ENSG00000224712	1293	544	1295	927	693	859	613	424	443	635	231	672
ENSG00000125816	0	0	0	0	0	0	0	0	0	0	0	0
ENSG00000249599	0	0	0	0	0	0	0	0	0	0	0	0
ENSG00000240045	0	0	0	0	0	0	0	0	0	0	0	0
ENSG00000174600	0	0	0	0	0	0	0	0	0	0	0	0
ENSG00000260350	8	4	6	3	1	5	7	3	3	1	1	5
ENSG00000113273	444	317	360	1149	1608	1616	1132	1098	1142	1079	934	591
ENSG00000156097	0	2	0	14	1	5	5	0	0	1	0	4
ENSG00000262706	0	0	0	0	0	0	0	0	0	0	0	0
ENSG00000200530	0	0	0	0	0	0	0	0	0	0	0	0
ENSG00000258802	0	0	1	0	0	1	0	0	0	0	0	0
ENSG00000255830	0	0	0	0	0	0	0	0	0	0	0	0
ENSG00000197816	26	16	69	54	4	27	162	30	56	34	6	85
ENSG00000243806	0	0	0	0	1	0	0	0	0	0	0	0
ENSG00000129451	0	0	0	0	0	0	0	0	0	0	0	0
ENSG00000114796	10713	5137	9718	581	1219	546	1183	993	1049	1336	1073	1128
ENSG00000235254	64	39	34	69	109	74	32	44	52	28	30	33
ENSG00000269388	10	13	7	7	12	11	14	10	21	7	8	23
ENSG00000259398	0	1	0	0	0	0	0	0	0	0	0	1
ENSG00000273388	0	0	0	0	1	0	0	0	1	0	0	0
ENSG00000119335	19325	7336	13573	23158	40721	32529	8249	10159	10754	6741	6015	4118
ENSG00000230728	0	0	0	0	0	0	0	0	0	0	0	0
ENSG00000265344	0	0	0	0	0	0	2	0	0	0	0	0
ENSG00000242142	0	0	3	0	0	0	0	0	0	0	1	0
ENSG00000238723	0	0	0	0	0	0	0	0	0	0	0	0
ENSG00000107485	68	35	0	32	92	35	19	52	26	23	48	19
ENSG00000123496	0	0	0	0	0	0	0	0	0	0	0	0
ENSG00000253549	0	4	2	0	1	0	0	1	1	0	0	1
ENSG00000167604	7144	6954	5873	484	283	389	79	72	70	54	17	140
ENSG00000264595	0	0	0	0	0	0	0	0	0	0	0	0
ENSG00000216629	0	0	0	0	0	0	0	0	0	0	0	0
ENSG00000218893	0	0	0	0	0	0	0	0	0	0	0	0
ENSG00000257285	1	0	4	56	13	27	17	11	18	11	7	22
ENSG00000170293	2	0	1	15	35	20	4	7	5	1	4	3
ENSG00000203907	4	0	0	4	1	2	1	1	1	3	0	7
ENSG00000138030	2	10	1	161	286	191	79	129	133	179	140	142
ENSG00000162009	0	0	0	0	0	0	0	0	0	0	0	0
ENSG00000232150	48	23	28	74	87	93	25	22	26	18	23	19
ENSG00000156509	0	3	1	273	90	169	46	35	26	18	13	87
ENSG00000167094	0	3	0	1	0	0	0	0	0	0	0	1
ENSG00000185627	2184	1714	2406	16249	10988	8923	5469	3681	3568	1993	1764	2876
ENSG00000100379	151	82	153	355	402	513	100	104	156	83	68	75
ENSG00000249279	0	0	0	0	0	0	0	0	0	0	0	0
ENSG00000088247	5779	2240	4033	8995	12958	15137	2676	3696	5052	2412	2088	2058
ENSG00000171388	0	0	0	8	7	9	0	2	1	1	0	0
ENSG00000264855	0	0	0	0	0	0	0	0	0	0	0	0
ENSG00000249216	0	0	0	0	0	0	0	0	0	0	0	0
ENSG00000251908	0	0	0	0	0	0	0	0	0	0	0	0
ENSG00000129696	223	91	81	793	1303	893	344	293	442	239	198	245
ENSG00000212157	1	0	0	0	0	1	0	0	0	0	1	1
ENSG00000224373	3158	575	51	11977	21213	12284	87278	129771	94666	169772	164303	44912
ENSG00000189051	0	0	1	4	0	0	2	0	0	0	0	2
ENSG00000257677	0	0	0	0	0	0	0	0	0	0	0	0
ENSG00000263819	0	0	0	0	0	0	0	0	0	0	0	0
ENSG00000248254	3	1	5	10	0	2	5	3	0	5	5	9
ENSG00000261814	0	0	0	0	0	0	0	0	0	0	0	0
ENSG00000165304	2	4	0	3093	4140	3347	444	762	750	124	206	303
ENSG00000260669	152	56	97	32	8	18	24	19	17	19	7	38
ENSG00000269662	1	0	2	0	0	0	0	0	0	0	0	0
ENSG00000256929	0	0	0	0	0	0	0	0	0	0	0	0
ENSG00000248555	0	0	0	0	0	0	0	0	0	0	0	0
ENSG00000265577	2	6	10	0	0	0	1	0	0	0	0	1
ENSG00000103642	856	385	333	457	547	393	298	244	228	271	186	160
ENSG00000221547	0	0	0	0	0	0	0	0	0	0	0	0
ENSG00000137880	117	92	85	714	472	305	170	155	118	65	68	113
ENSG00000255323	0	0	0	0	0	0	0	0	0	0	0	0
ENSG00000252750	0	0	0	0	0	1	0	0	0	0	0	0
ENSG00000212127	17	10	31	69	17	29	28	2	10	6	7	31
ENSG00000227700	0	0	0	0	0	0	0	0	0	0	0	0
ENSG00000268719	0	0	0	0	0	0	0	0	0	0	0	0
ENSG00000241588	0	0	0	0	0	0	0	0	0	0	0	0
ENSG00000255760	181	192	482	2	0	1	10	7	3	10	18	61
ENSG00000270693	0	0	0	0	0	0	0	0	0	0	0	0
ENSG00000229176	0	0	0	0	0	0	0	0	0	0	0	0
ENSG00000119723	253	155	244	239	162	202	101	69	73	93	83	183
ENSG00000264309	0	0	0	0	0	0	0	0	0	0	0	0
ENSG00000252577	0	0	0	1	1	0	0	0	0	0	0	0
ENSG00000258580	0	0	2	0	0	0	0	0	0	0	0	0
ENSG00000227118	0	2	0	1	4	1	1	2	0	0	0	0
ENSG00000207281	0	0	0	0	0	0	0	0	0	0	0	1
ENSG00000240303	6	5	18	15	2	8	11	6	4	7	1	13
ENSG00000250696	0	0	0	0	0	0	0	0	0	0	0	0
ENSG00000232442	345	324	511	126	46	74	86	30	41	34	14	75
ENSG00000139780	0	0	0	1	0	0	1	0	0	0	0	0
ENSG00000175224	4336	2204	3105	2471	4545	3498	2269	3245	3465	2249	2091	1529
ENSG00000185666	2	1	4	4	1	0	0	0	0	0	0	2
ENSG00000265841	0	0	0	0	0	0	0	0	0	0	0	0
ENSG00000229657	0	0	0	0	0	0	0	0	0	0	0	0
ENSG00000224035	0	0	0	0	0	0	2	0	0	0	0	0
ENSG00000214955	2	0	0	0	3	3	0	0	0	0	2	1
ENSG00000222744	0	0	0	0	0	0	0	0	0	0	0	0
ENSG00000172824	92	45	75	423	140	250	256	119	83	139	48	279
ENSG00000125363	0	0	0	0	0	0	0	0	0	0	0	0
ENSG00000088888	377	178	343	1740	2188	2789	885	1176	1519	798	661	1092
ENSG00000148399	1227	687	954	1217	893	1282	893	787	666	647	324	1389
ENSG00000265863	0	0	0	0	0	0	0	0	0	0	0	0
ENSG00000237056	0	0	0	0	0	0	0	0	0	0	0	0
ENSG00000119950	1432	1074	4612	542	952	587	281	390	260	288	357	164
ENSG00000263735	0	0	0	0	0	0	0	0	0	0	0	0
ENSG00000186076	1601	710	896	24746	22054	18467	3298	3478	4121	1772	1649	1595
ENSG00000244672	0	0	0	0	0	0	0	0	0	0	0	0
ENSG00000206902	0	5	3	0	0	0	0	0	0	0	0	0
ENSG00000271403	0	0	0	0	0	0	0	0	0	0	0	0
ENSG00000222509	0	0	0	0	0	0	0	0	0	0	0	0
ENSG00000257327	0	0	0	0	0	0	0	0	0	0	0	5
ENSG00000204713	788	194	435	2751	2946	3144	2151	2233	2388	1775	1313	2139
ENSG00000263396	0	0	0	0	0	0	0	0	0	0	0	0
ENSG00000251795	33	49	60	54	10	15	37	4	9	13	4	30
ENSG00000232612	0	0	0	0	0	0	0	0	0	0	0	0
ENSG00000269404	3767	905	1022	217	67	120	14	14	24	4	5	2
ENSG00000253405	0	0	0	0	0	0	0	0	0	0	0	0
ENSG00000103111	1697	954	1340	3159	4103	3982	1818	1897	2295	1515	1163	1465
ENSG00000243468	4	0	0	2	1	1	0	0	2	0	0	0
ENSG00000160214	245	127	107	1700	2083	2606	841	758	1028	551	399	629
ENSG00000230500	0	0	0	0	0	0	0	0	0	0	0	0
ENSG00000071967	3	1	35	45	27	46	2	0	3	3	0	0
ENSG00000114439	5312	1971	3910	1704	2486	2108	1289	1436	1415	1423	1224	1146
ENSG00000237421	0	0	0	0	0	0	0	0	0	0	0	0
ENSG00000196335	20	6	18	4	3	2	6	0	0	2	2	5
ENSG00000225724	0	0	1	0	0	0	0	0	0	0	0	2
ENSG00000080947	91	95	139	46	11	29	13	10	15	18	10	36
ENSG00000231386	0	0	0	0	0	0	0	0	0	0	0	0
ENSG00000119888	0	0	0	17	13	24	1	0	4	0	0	0
ENSG00000177469	0	1	0	48	131	62	0	0	3	0	2	0
ENSG00000206678	0	0	0	0	0	0	0	0	0	0	0	0
ENSG00000187607	479	305	235	314	399	323	88	116	103	66	63	60
ENSG00000128342	1	1	0	1	1	2	0	0	0	0	0	0
ENSG00000250345	0	0	1	0	0	0	0	0	0	0	0	0
ENSG00000100523	1979	1281	2058	1437	1969	1619	1392	1376	1222	1125	1088	1264
ENSG00000252784	0	0	0	0	0	0	0	0	0	0	0	0
ENSG00000199962	0	0	0	0	0	0	0	0	0	0	0	0
ENSG00000120457	47	14	13	0	0	0	0	1	0	0	0	3
ENSG00000254069	0	0	0	0	0	0	0	0	0	0	0	0
ENSG00000227158	0	0	0	0	0	0	0	0	0	0	0	0
ENSG00000147138	300	200	241	171	132	142	121	119	127	132	104	183
ENSG00000244753	0	0	0	0	0	0	0	0	0	0	0	0
ENSG00000238563	0	0	0	0	0	0	0	0	0	0	0	0
ENSG00000273155	4	1	0	0	0	0	0	0	0	0	0	1
ENSG00000163006	74	74	58	879	616	498	120	103	91	56	48	101
ENSG00000236766	0	0	0	0	0	0	0	0	0	0	0	0
ENSG00000267473	17	3	2	6	3	3	3	2	1	3	0	2
ENSG00000153060	3	1	1	5	3	9	2	1	7	0	2	7
ENSG00000272242	0	0	0	0	0	0	0	0	0	0	0	0
ENSG00000230991	0	0	0	0	0	0	0	0	0	0	0	0
ENSG00000203276	45	49	67	17	10	7	11	5	5	6	1	12
ENSG00000228990	0	0	0	0	0	0	0	0	0	0	0	0
ENSG00000229711	0	0	0	0	0	0	0	0	0	0	0	0
ENSG00000257831	0	0	0	5	1	1	1	3	1	1	0	2
ENSG00000257979	0	1	1	0	0	0	0	0	0	0	0	0
ENSG00000197085	0	0	0	0	0	0	0	0	0	0	0	0
ENSG00000106603	1674	1513	1534	3484	2140	1790	1639	949	721	626	630	1287
ENSG00000230942	0	0	0	0	0	0	0	0	0	0	0	0
ENSG00000254536	2	0	0	111	73	50	17	4	7	1	3	7
ENSG00000262168	0	0	0	0	0	0	0	0	0	0	0	0
ENSG00000228293	0	2	0	1	0	1	0	0	0	0	0	0
ENSG00000213467	1	1	7	17	11	19	3	3	2	5	2	1
ENSG00000166391	0	0	0	0	0	0	0	0	0	0	0	0
ENSG00000152082	836	738	473	999	905	989	879	727	960	220	285	504
ENSG00000236445	0	0	0	0	0	0	0	0	0	0	0	0
ENSG00000270185	0	0	0	0	0	0	0	0	0	1	0	0
ENSG00000249360	0	0	0	0	0	0	0	0	0	0	0	0
ENSG00000016082	0	0	0	0	0	0	0	0	0	0	0	0
ENSG00000265903	0	0	0	0	0	0	0	0	0	0	0	0
ENSG00000265471	0	0	0	0	0	0	0	0	0	0	0	0
ENSG00000169057	9079	3468	6796	1882	1969	2222	938	926	1111	899	618	1165
ENSG00000249568	0	0	0	0	0	0	0	0	0	0	0	0
ENSG00000262668	0	0	0	1	0	0	0	0	0	0	0	0
ENSG00000267456	0	0	0	0	0	0	3	0	0	0	0	0
ENSG00000137960	1	0	6	5	0	4	1	4	1	0	0	0
ENSG00000170454	0	0	0	0	0	0	0	0	0	0	0	0
ENSG00000233268	0	0	2	0	0	0	0	0	0	0	0	0
ENSG00000267841	0	0	0	0	0	0	0	0	0	0	0	0
ENSG00000261081	0	3	0	0	0	0	0	0	0	0	0	0
ENSG00000200105	0	0	0	0	0	0	0	0	0	0	0	0
ENSG00000199368	0	0	0	0	0	0	0	0	0	0	0	0
ENSG00000253288	0	0	0	0	0	0	0	0	0	0	0	0
ENSG00000230203	0	1	1	1	0	0	0	0	0	0	0	0
ENSG00000102010	0	0	0	0	0	0	0	0	0	0	1	0
ENSG00000271157	0	0	0	0	0	0	0	0	0	0	0	0
ENSG00000258907	0	0	4	0	1	0	0	0	1	0	0	0
ENSG00000252983	0	0	0	0	0	0	0	0	0	0	0	0
ENSG00000252591	0	0	0	0	0	0	0	0	0	0	0	0
ENSG00000126231	0	0	6	19	4	6	7	2	1	5	2	13
ENSG00000268153	0	0	0	1	0	0	0	0	0	0	0	0
ENSG00000263301	0	0	1	0	0	1	0	0	1	0	0	0
ENSG00000265386	0	0	0	0	0	4	0	0	0	0	0	0
ENSG00000227473	2	1	2	27	19	42	25	5	13	5	5	17
ENSG00000269701	0	0	0	0	0	0	0	0	0	0	0	0
ENSG00000153207	8563	4164	6162	3706	5325	5457	1457	1601	1649	1542	1259	1206
ENSG00000134802	42	20	25	2956	3993	4383	154	260	452	25	41	48
ENSG00000243498	10	6	14	4	0	0	2	0	1	0	1	2
ENSG00000252834	0	0	2	2	0	0	0	0	0	0	0	0
ENSG00000264278	19	8	20	79	64	81	48	42	63	19	21	37
ENSG00000155380	1583	701	1024	4733	7995	5727	1276	1615	1926	997	911	388
ENSG00000232498	0	0	0	1	0	0	2	0	0	0	0	0
ENSG00000258332	0	0	0	0	0	0	0	0	0	0	0	0
ENSG00000272066	0	0	0	0	0	0	0	0	0	0	0	0
ENSG00000234124	0	0	0	0	0	0	0	0	0	0	0	0
ENSG00000270200	0	0	0	0	0	0	0	0	0	0	0	0
ENSG00000266693	0	0	0	0	1	0	0	0	0	0	0	0
ENSG00000223477	0	0	0	0	0	0	0	0	0	0	0	0
ENSG00000189001	1	0	5	0	0	0	0	0	0	0	0	2
ENSG00000264492	0	0	0	0	0	0	0	0	0	0	0	0
ENSG00000265578	0	0	0	0	0	0	0	0	0	0	0	0
ENSG00000025770	2733	2039	2090	3597	3623	4783	972	1253	1403	799	709	1298
ENSG00000263624	18	12	16	24	0	8	13	5	6	1	2	8
ENSG00000270951	0	0	0	6	1	0	2	0	0	0	1	0
ENSG00000261592	14	34	17	13	3	3	3	1	1	7	3	5
ENSG00000167840	87	40	81	393	440	413	90	102	100	89	60	85
ENSG00000238761	0	0	0	0	0	0	0	0	0	0	0	0
ENSG00000257560	0	0	0	0	0	0	0	0	0	0	0	0
ENSG00000256343	0	0	0	0	0	0	0	0	0	0	0	0
ENSG00000262905	8	2	13	5	0	0	0	1	1	1	2	5
ENSG00000269173	0	0	0	0	0	0	0	0	0	0	0	0
ENSG00000253480	0	0	0	0	0	0	0	0	0	0	0	0
ENSG00000212374	0	0	0	0	0	0	0	0	0	0	0	0
ENSG00000139641	2021	606	2875	14928	23890	22433	3087	3477	5432	1871	1712	1082
ENSG00000113073	0	0	3	13	3	1	7	3	1	1	1	1
ENSG00000236306	0	0	0	0	0	0	0	0	0	0	0	0
ENSG00000158850	1076	526	966	3726	5013	3727	6708	5744	7358	4415	3264	4100
ENSG00000217874	0	0	0	0	1	0	0	0	0	0	0	0
ENSG00000226647	61	67	76	2	0	4	1	3	0	1	0	2
ENSG00000266373	107	21	55	40	67	77	35	34	42	31	26	24
ENSG00000228914	9	0	2	1	3	0	0	0	1	0	0	2
ENSG00000019582	286427	88709	150359	75481	106677	113043	27579	35541	44363	26655	26687	12355
ENSG00000147381	0	0	0	0	0	0	0	0	0	0	0	0
ENSG00000116353	58	42	42	888	946	1174	206	217	285	145	82	196
ENSG00000104689	1675	719	829	653	843	780	227	311	315	262	200	140
ENSG00000268577	0	0	0	0	0	0	0	0	0	0	0	0
ENSG00000226078	0	0	0	0	0	0	0	0	0	0	0	0
ENSG00000182240	800	513	1133	161	218	151	216	148	275	56	31	27
ENSG00000232775	0	0	0	16	0	1	15	0	3	6	2	8
ENSG00000270805	0	0	0	0	0	0	0	0	0	0	0	0
ENSG00000200547	0	0	0	0	0	0	0	0	0	0	0	0
ENSG00000212170	0	1	0	0	0	0	0	0	0	0	0	0
ENSG00000205593	152	98	71	972	792	617	493	433	375	359	196	372
ENSG00000159763	0	0	0	0	0	0	0	0	0	0	0	0
ENSG00000249031	0	1	0	3	2	1	1	2	1	0	0	0
ENSG00000227363	0	0	0	0	0	0	0	0	0	0	0	0
ENSG00000264587	0	0	0	0	0	0	0	0	0	0	0	0
ENSG00000117091	8833	19452	9181	10950	6387	3979	9835	3958	4324	1806	1151	2609
ENSG00000198162	3977	1282	2766	3338	5908	3954	6391	7082	6509	5515	5274	3571
ENSG00000226984	0	1	2	0	0	0	0	0	1	0	0	1
ENSG00000271723	0	0	0	0	0	0	0	0	0	0	0	0
ENSG00000231369	6	11	16	13	10	8	7	5	11	2	0	0
ENSG00000253325	2	0	0	16	32	33	82	142	133	186	200	83
ENSG00000260105	19	30	26	9	0	5	8	2	0	1	0	1
ENSG00000242928	0	0	0	0	0	0	0	0	0	0	0	0
ENSG00000140386	676	449	579	362	526	555	248	503	501	316	330	450
ENSG00000232296	0	0	0	0	0	0	0	0	0	0	0	0
ENSG00000263054	0	0	0	0	0	0	0	0	0	0	0	0
ENSG00000114988	40	38	36	638	753	694	300	352	326	255	238	248
ENSG00000206445	0	0	0	0	0	0	0	0	0	0	0	0
ENSG00000117601	1	1	1	5	3	2	0	2	2	0	0	0
ENSG00000271086	0	1	1	0	4	0	1	0	1	0	0	3
ENSG00000189042	956	408	608	460	386	367	335	283	238	233	173	323
ENSG00000244657	0	0	0	0	0	0	6	0	0	0	0	0
ENSG00000263665	0	0	0	0	0	0	0	0	0	0	0	0
ENSG00000205897	0	0	0	0	0	0	0	0	0	0	0	0
ENSG00000270277	1	5	3	2	1	2	0	0	0	1	0	1
ENSG00000220132	0	0	1	0	0	0	0	0	0	0	0	0
ENSG00000253722	0	0	0	1	0	0	0	0	0	0	0	0
ENSG00000268150	0	0	0	0	0	0	0	0	0	0	0	0
ENSG00000201330	0	0	0	0	0	0	0	0	0	0	0	0
ENSG00000171695	0	1	2	0	0	0	0	0	0	0	0	1
ENSG00000265360	0	0	0	0	0	0	0	0	0	0	0	0
ENSG00000262831	0	0	0	5	3	1	4	1	3	0	1	4
ENSG00000239228	0	0	0	0	0	0	0	0	0	0	0	0
ENSG00000235411	16	8	16	66	51	50	23	19	19	12	9	12
ENSG00000073009	1058	564	1175	1109	1194	1545	702	685	815	548	382	828
ENSG00000260228	4	0	9	6	4	6	2	4	7	4	0	9
ENSG00000251417	12	2	2	35	39	32	48	79	83	39	51	54
ENSG00000215866	0	0	0	0	0	0	0	0	0	0	0	0
ENSG00000228791	0	0	0	0	0	0	0	0	0	0	0	0
ENSG00000232708	0	0	0	0	0	0	0	0	0	0	0	0
ENSG00000229045	0	0	0	0	0	0	0	0	0	0	0	0
ENSG00000227658	0	0	0	0	0	0	0	0	0	0	0	0
ENSG00000253613	0	0	0	0	3	0	0	1	0	0	0	0
ENSG00000130653	409	499	743	81	27	48	94	53	38	106	62	115
ENSG00000174886	67	57	34	501	213	348	288	204	149	84	97	363
ENSG00000248126	19	3	7	9	5	11	12	3	10	12	1	10
ENSG00000201704	0	0	0	0	0	0	0	0	0	0	0	0
ENSG00000137409	5607	5218	5362	3809	2930	3960	1608	1106	1049	1068	604	1827
ENSG00000231293	0	0	0	0	0	0	0	0	0	0	0	0
ENSG00000231923	0	0	0	0	0	0	0	0	0	0	0	0
ENSG00000109458	416	177	1196	272	485	217	1098	1159	875	1008	1136	893
ENSG00000215386	0	0	0	0	0	0	1	0	3	0	0	0
ENSG00000222644	0	0	0	0	0	0	0	0	0	0	0	0
ENSG00000270966	0	1	0	2	1	1	0	1	0	0	0	0
ENSG00000262205	0	0	0	0	0	0	0	0	0	0	0	0
ENSG00000245532	3328	3422	8279	28303	10204	12398	45647	16414	10614	34052	8393	56565
ENSG00000173702	5	3	7	0	0	0	0	0	0	0	0	0
ENSG00000224269	0	0	0	0	0	0	0	0	0	0	0	0
ENSG00000224866	0	0	0	0	0	0	0	0	0	0	0	0
ENSG00000221666	0	0	0	0	0	0	0	0	0	0	0	0
ENSG00000236238	0	0	0	0	0	0	0	0	0	0	0	0
ENSG00000232290	0	0	0	0	0	0	0	0	0	0	0	0
ENSG00000253332	0	0	0	0	0	0	0	0	0	0	0	0
ENSG00000136167	14423	5597	5655	71902	109888	83015	9668	12472	17509	4519	4437	2452
ENSG00000225925	0	0	0	0	0	0	0	0	0	0	0	0
ENSG00000270117	0	0	0	0	0	0	0	0	0	0	0	0
ENSG00000266515	0	0	0	0	0	0	0	0	0	0	0	0
ENSG00000255317	0	0	0	0	0	0	0	0	0	0	0	0
ENSG00000268101	0	1	0	0	0	0	0	0	0	0	0	0
ENSG00000272432	6	6	5	8	1	7	1	0	0	0	0	1
ENSG00000226808	0	0	0	0	0	0	0	0	0	0	0	0
ENSG00000187942	14	2	26	11	16	2	32	14	17	32	12	22
ENSG00000262805	0	0	0	0	0	0	0	0	0	0	0	0
ENSG00000121089	21	33	33	20	35	32	11	31	12	8	7	11
ENSG00000212039	0	0	0	0	0	0	0	0	0	0	0	0
ENSG00000229267	0	0	1	26	21	10	23	15	7	24	10	17
ENSG00000232990	0	0	0	0	0	0	0	0	0	0	0	0
ENSG00000232085	0	2	0	0	0	0	0	0	0	0	0	0
ENSG00000141968	1458	599	1168	3879	6565	5509	3390	3833	4885	2391	1534	1838
ENSG00000221909	72	21	39	447	328	249	202	189	165	143	159	208
ENSG00000171295	293	124	315	349	272	282	194	138	124	180	111	180
ENSG00000234329	63	66	55	7	1	11	4	4	5	14	11	12
ENSG00000111405	27	4	264	20	9	20	15	3	8	7	2	18
ENSG00000153707	0	0	0	0	0	0	0	0	0	0	0	1
ENSG00000232512	0	0	0	0	0	0	0	0	0	0	0	0
ENSG00000108433	327	177	220	1039	1082	1013	1365	1040	1033	778	712	1254
ENSG00000264925	0	0	0	0	0	0	0	0	0	0	0	0
ENSG00000267612	0	0	2	0	0	0	0	0	0	0	0	0
ENSG00000233278	4	0	1	1	1	1	0	0	0	0	0	0
ENSG00000231134	0	0	0	0	0	0	0	0	0	0	0	3
ENSG00000252252	0	0	0	0	0	0	0	0	0	0	0	0
ENSG00000254461	124	73	94	52	17	29	17	9	15	22	13	45
ENSG00000135823	545	152	350	686	875	778	262	235	338	240	178	167
ENSG00000039987	0	1	2	2	0	1	2	2	0	0	0	1
ENSG00000138411	3	0	0	41	36	38	73	34	16	18	9	31
ENSG00000197746	21824	5242	12517	7321	13378	8957	19801	25763	23367	28176	30797	10965
ENSG00000238012	0	0	0	0	0	0	0	0	0	0	0	0
ENSG00000173848	391	230	46	2655	4421	3528	1077	1807	1699	589	680	614
ENSG00000235713	0	0	0	0	0	0	0	0	0	4	0	0
ENSG00000221093	0	0	0	0	0	0	0	0	0	0	0	0
ENSG00000133997	1289	727	997	1087	1432	1107	548	600	522	332	321	357
ENSG00000266057	0	0	0	0	0	0	0	0	0	0	0	0
ENSG00000198121	0	0	0	0	0	1	0	0	0	0	0	0
ENSG00000248710	0	0	0	0	0	0	0	0	0	0	0	0
ENSG00000247363	8	3	9	61	30	29	43	41	10	31	22	38
ENSG00000213270	0	0	1	0	0	2	0	0	0	0	0	0
ENSG00000181781	0	0	1	0	0	0	0	0	0	0	0	0
ENSG00000207759	0	0	0	0	0	0	0	0	0	0	0	0
ENSG00000238764	0	0	0	0	0	0	0	0	0	0	0	0
ENSG00000251877	0	0	0	0	0	0	0	0	0	0	0	0
ENSG00000263401	0	0	0	0	0	0	0	0	0	0	1	1
ENSG00000258118	0	0	0	0	0	0	0	0	0	0	0	0
ENSG00000199440	0	0	0	0	0	0	0	0	0	0	0	0
ENSG00000213064	8990	6544	12133	2696	2798	2529	1408	1103	1243	823	834	935
ENSG00000161533	749	249	605	1067	2072	1432	1356	1523	1529	1452	1373	1210
ENSG00000163072	2	6	5	51	27	73	8	4	7	4	1	25
ENSG00000226119	0	0	0	0	0	0	0	0	0	0	0	0
ENSG00000146757	2413	1720	2662	1623	1688	1233	2117	1639	1128	1551	1287	1503
ENSG00000226715	0	0	0	0	0	0	0	0	0	0	0	0
ENSG00000187650	203	73	272	83	62	113	191	128	172	193	117	488
ENSG00000261122	0	0	0	0	0	0	0	0	0	0	0	0
ENSG00000176401	70	40	52	96	57	55	41	22	14	19	9	49
ENSG00000197953	0	0	0	0	0	0	0	0	0	0	0	0
ENSG00000206641	0	0	0	0	0	0	0	0	0	0	0	0
ENSG00000242727	0	0	0	0	0	0	0	0	0	0	0	0
ENSG00000116191	13169	5032	13708	2525	3403	2384	10243	7850	6371	8426	7194	9383
ENSG00000255456	0	0	0	0	0	0	0	0	0	0	0	0
ENSG00000134758	7888	6593	7382	3859	3800	2813	1233	864	901	623	566	861
ENSG00000199921	0	0	0	0	0	0	0	0	0	0	0	0
ENSG00000225484	966	269	219	260	228	197	148	129	114	126	66	118
ENSG00000251678	0	0	0	0	0	0	0	0	0	0	0	0
ENSG00000230779	0	0	0	1	0	0	0	0	0	0	0	0
ENSG00000271056	0	0	0	0	0	0	0	0	0	0	0	0
ENSG00000232324	0	0	0	0	1	1	0	1	1	0	0	0
ENSG00000109180	2298	1529	2347	5574	5623	4407	2729	2419	2183	2062	1724	2046
ENSG00000197279	366	221	215	76	63	98	35	29	33	32	12	15
ENSG00000160201	10812	8806	12349	5140	5430	5609	1996	1884	2025	1433	1117	2265
ENSG00000227972	3	1	1	1	0	0	1	3	0	0	0	0
ENSG00000207733	0	0	0	0	0	0	0	0	0	0	0	0
ENSG00000152422	49	38	38	914	1150	673	460	532	388	269	283	270
ENSG00000225056	0	0	0	0	0	0	0	0	0	0	0	0
ENSG00000262970	0	0	0	0	0	0	0	0	0	0	0	0
ENSG00000227170	0	2	1	0	0	0	3	0	0	0	0	0
ENSG00000069020	1209	503	996	1323	1783	1321	590	791	714	351	413	224
ENSG00000111788	795	407	1002	2458	867	2024	971	593	472	494	197	1336
ENSG00000114354	2867	2088	2330	2957	3780	3214	2909	2861	2751	2401	2015	2490
ENSG00000068305	4941	2470	2924	3266	5316	4470	1867	2177	2273	1955	1718	1797
ENSG00000221438	0	0	0	0	0	0	0	0	0	0	0	0
ENSG00000268299	0	0	0	0	0	0	0	0	0	0	0	0
ENSG00000187857	0	0	0	0	0	0	0	0	0	0	0	0
ENSG00000122966	41	32	79	2481	2479	2448	474	554	664	130	162	419
ENSG00000172508	991	473	1732	41	11	23	43	31	27	53	13	75
ENSG00000229508	0	0	0	0	0	0	0	0	0	0	0	0
ENSG00000258935	0	0	0	0	0	0	0	0	0	0	0	0
ENSG00000260932	4	2	5	4	0	0	6	1	1	2	0	2
ENSG00000229001	0	0	0	2	0	0	0	0	0	0	0	0
ENSG00000266320	7	2	5	0	0	0	0	0	0	0	0	0
ENSG00000183401	234	182	259	158	108	141	218	153	152	267	116	388
ENSG00000212673	37	41	34	47	4	22	37	12	14	22	8	47
ENSG00000143153	355	540	783	203	237	312	122	51	112	161	96	69
ENSG00000272715	0	0	0	0	0	0	0	0	0	0	0	0
ENSG00000127838	127	99	84	1331	937	820	556	410	394	293	236	444
ENSG00000264246	0	0	0	0	0	0	0	0	0	0	0	0
ENSG00000136487	1	0	1	0	0	0	0	0	0	0	0	0
ENSG00000261766	11	2	19	9	1	10	0	5	2	2	0	12
ENSG00000223537	2	2	4	0	0	0	6	2	0	0	2	5
ENSG00000240853	5	12	8	0	1	0	0	0	0	0	0	0
ENSG00000222691	0	0	0	0	0	0	0	0	0	0	0	0
ENSG00000211939	1147	292	1	4392	8872	6206	26223	52829	41787	51473	75409	25591
ENSG00000255125	0	0	2	0	0	0	0	0	0	0	0	1
ENSG00000235571	0	0	0	0	0	0	0	0	0	0	0	0
ENSG00000226273	0	0	0	0	0	0	0	0	0	0	0	0
ENSG00000167874	183	112	83	5	0	2	0	0	0	0	0	0
ENSG00000185988	0	0	0	2	0	0	0	0	0	0	0	0
ENSG00000188779	44	15	57	2	6	3	4	3	8	2	2	11
ENSG00000214269	0	0	0	2	0	1	0	0	1	1	1	0
ENSG00000125434	67	35	81	107	115	98	73	67	126	68	71	112
ENSG00000160789	1379	6313	300	5946	7577	9604	1119	1504	2764	1036	843	759
ENSG00000261844	0	0	0	0	0	0	0	0	0	0	0	0
ENSG00000267796	44	18	11	86	48	68	54	33	27	36	13	86
ENSG00000252515	0	1	2	0	0	0	0	0	0	0	0	1
ENSG00000228290	0	0	0	0	0	0	0	0	0	0	0	0
ENSG00000073711	30	19	25	16	34	20	17	11	10	9	12	15
ENSG00000206560	2037	984	2132	4267	6887	5208	4107	4624	4452	3572	2943	3862
ENSG00000181927	0	0	0	0	0	0	0	0	0	0	0	0
ENSG00000270221	0	0	0	0	0	0	0	0	0	0	0	0
ENSG00000253746	0	0	0	0	0	0	0	0	0	0	0	0
ENSG00000228772	0	0	0	0	0	0	0	0	0	0	0	0
ENSG00000266836	0	0	0	0	0	0	0	0	0	0	0	0
ENSG00000258694	0	0	0	0	0	0	0	0	0	0	0	0
ENSG00000270169	11	1	5	0	1	1	0	0	0	0	0	0
ENSG00000084764	42	62	31	66	71	58	70	61	57	97	64	103
ENSG00000252908	0	1	1	0	0	1	0	0	0	0	0	0
ENSG00000105894	0	0	0	0	0	0	0	0	0	0	0	2
ENSG00000161048	101	29	75	597	538	453	492	346	288	417	356	459
ENSG00000230845	0	0	0	0	0	0	0	0	0	0	0	0
ENSG00000152253	4	2	0	1907	1574	1087	320	397	296	74	108	175
ENSG00000164086	102	32	18	800	1241	1055	487	742	704	395	389	383
ENSG00000137198	11	5	22	27	41	29	207	287	239	215	254	129
ENSG00000225448	0	0	0	0	0	0	2	0	0	0	0	0
ENSG00000108639	22470	14465	10586	6786	7202	6220	3239	3226	4285	1859	2051	1999
ENSG00000083807	85	66	65	614	425	376	193	83	174	48	16	91
ENSG00000223799	38	16	64	58	49	60	27	42	37	12	16	23
ENSG00000100385	305	55	69	7833	11103	13359	1216	829	2565	271	83	129
ENSG00000234788	4	4	4	0	0	1	0	0	0	0	0	0
ENSG00000112893	4340	3235	3664	6033	9670	7859	6664	7564	9795	5350	4364	3435
ENSG00000268109	0	0	0	0	0	0	0	0	0	0	0	0
ENSG00000238392	1	3	5	1	0	0	0	0	0	0	0	1
ENSG00000115042	192	89	97	1322	1376	1105	944	743	695	487	323	649
ENSG00000249020	4	1	0	3	0	4	0	0	0	0	0	1
ENSG00000261659	1	4	4	1	0	6	1	2	2	4	1	2
ENSG00000197721	7	2	7	6	7	7	5	1	0	0	0	0
ENSG00000222520	0	0	0	0	0	0	0	0	0	0	0	0
ENSG00000211984	0	0	0	0	0	0	0	0	0	0	0	0
ENSG00000140107	2	1	1	4	1	1	0	1	0	3	0	1
ENSG00000118557	50	71	225	42	29	44	17	15	17	11	9	48
ENSG00000262500	0	0	0	12	0	10	10	0	2	5	0	5
ENSG00000216125	0	0	0	0	0	0	0	0	0	0	0	0
ENSG00000261819	97	32	86	215	320	321	197	233	293	129	138	91
ENSG00000131480	114	161	228	189	86	155	48	29	47	23	16	69
ENSG00000253100	0	0	0	0	0	0	0	0	0	0	0	0
ENSG00000252139	6	0	2	2	0	0	0	0	1	0	0	0
ENSG00000206618	0	0	0	0	0	0	0	0	0	0	0	0
ENSG00000229625	0	0	0	0	0	0	0	0	0	0	0	0
ENSG00000221455	0	0	0	0	0	0	0	0	0	0	0	0
ENSG00000255239	0	0	0	0	0	0	0	0	0	0	0	0
ENSG00000182572	0	0	1	14	6	7	0	2	0	0	1	1
ENSG00000232569	0	0	0	0	0	0	0	0	0	0	0	0
ENSG00000263928	0	0	0	0	0	0	0	0	0	0	0	0
ENSG00000272269	308	196	137	231	170	281	35	43	103	32	17	33
ENSG00000271752	0	0	2	0	0	0	0	0	0	0	0	0
ENSG00000256498	0	0	0	0	0	0	0	0	0	0	0	0
ENSG00000217195	0	0	0	3	0	0	0	0	0	0	0	0
ENSG00000175283	161	65	63	308	386	421	370	335	360	290	273	265
ENSG00000253715	0	0	0	0	0	0	0	0	0	0	0	0
ENSG00000115598	0	0	0	0	0	0	0	0	0	0	0	0
ENSG00000258836	0	0	0	0	0	0	0	0	0	0	0	0
ENSG00000253582	0	1	2	11	3	5	5	1	5	1	4	8
ENSG00000107554	2201	1001	7159	185	337	260	129	100	109	99	71	63
ENSG00000222583	0	0	0	0	0	0	0	0	0	0	0	0
ENSG00000201302	13	10	10	23	10	10	22	3	6	5	3	18
ENSG00000260621	2	9	12	0	0	0	0	0	1	0	0	0
ENSG00000256863	0	0	0	0	0	0	0	0	0	0	0	0
ENSG00000261035	0	0	0	0	0	0	0	0	0	0	0	0
ENSG00000198965	0	0	0	0	0	0	0	0	0	0	0	0
ENSG00000182776	0	0	0	0	0	0	0	0	0	0	0	0
ENSG00000230234	0	0	0	0	0	0	0	0	0	0	0	0
ENSG00000054282	246	174	288	527	544	610	398	367	359	357	223	365
ENSG00000207412	1	0	1	0	0	0	0	0	0	0	0	0
ENSG00000111859	736	336	228	1653	2408	2475	1470	2027	1641	1244	1225	996
ENSG00000258451	0	0	0	3	1	0	0	1	3	0	0	3
ENSG00000272997	0	0	0	0	0	0	0	0	0	0	0	0
ENSG00000187260	55	78	72	3	1	2	18	2	2	13	5	19
ENSG00000168256	1192	416	520	1015	1316	1492	881	1169	1118	764	617	914
ENSG00000233604	0	0	0	0	0	0	0	0	0	0	0	0
ENSG00000128191	791	405	654	1758	1521	2334	571	527	584	601	329	863
ENSG00000235369	16	7	15	8	2	1	7	2	1	1	1	2
ENSG00000179163	244	153	297	580	1156	831	459	427	338	588	427	177
ENSG00000237994	0	0	0	0	0	0	0	0	0	0	0	0
ENSG00000050030	835	364	379	20	7	11	9	9	4	23	20	4
ENSG00000047315	5937	3457	4358	6386	9219	7414	3454	3895	3957	2741	2597	2267
ENSG00000270820	4	3	10	43	10	28	25	18	23	21	24	46
ENSG00000268396	3	3	2	0	0	0	0	0	0	0	0	0
ENSG00000215093	44	53	32	52	40	62	18	13	17	9	11	13
ENSG00000162434	23762	7878	13067	6802	10048	8862	4700	5553	5664	4510	3753	3071
ENSG00000202382	2	1	3	0	0	0	0	1	0	1	3	6
ENSG00000226134	0	0	0	0	0	0	0	0	0	0	1	0
ENSG00000230916	0	0	0	1	0	2	0	1	0	0	1	0
ENSG00000221310	0	0	0	0	0	0	0	0	0	0	0	0
ENSG00000153789	0	1	0	1	0	0	49	33	10	14	21	51
ENSG00000255460	0	0	0	0	0	0	0	0	0	0	0	0
ENSG00000206279	0	0	0	0	0	0	0	0	0	0	0	0
ENSG00000206637	0	0	0	0	0	0	0	0	0	0	0	0
ENSG00000240827	0	0	0	0	0	0	0	0	0	0	0	0
ENSG00000228656	0	0	0	0	0	0	0	0	0	0	0	0
ENSG00000085276	0	0	0	0	2	1	0	2	1	0	3	2
ENSG00000158125	2	1	1	12	6	21	1	0	0	0	0	0
ENSG00000262327	0	0	0	0	0	0	0	0	0	0	0	0
ENSG00000225868	2	0	0	0	0	0	0	0	0	0	0	0
ENSG00000239481	0	0	0	0	0	0	0	1	0	0	0	0
ENSG00000088386	0	0	0	0	0	0	0	0	0	0	0	0
ENSG00000203413	0	0	0	0	0	0	0	0	0	0	0	0
ENSG00000160318	7	2	11	16	9	13	6	1	3	6	4	15
ENSG00000263381	0	0	0	0	0	0	0	0	0	0	0	0
ENSG00000198763	191970	219246	200091	122647	48286	62084	89124	62812	38389	46874	31941	88859
ENSG00000253920	0	0	0	23	14	19	45	65	77	118	83	110
ENSG00000235555	8	2	4	28	21	10	7	8	3	0	4	4
ENSG00000272641	0	0	0	0	0	0	0	0	0	0	0	0
ENSG00000180398	2535	915	1328	2188	3650	2932	1971	2770	2342	1799	2311	1868
ENSG00000259840	0	0	1	0	0	0	0	0	0	0	0	2
ENSG00000254358	0	0	0	0	0	0	0	0	0	0	0	0
ENSG00000248790	0	0	1	0	0	1	1	0	0	0	1	0
ENSG00000111707	2330	1590	2711	2228	2621	2621	1921	2191	2176	1749	1397	1805
ENSG00000248383	0	0	0	0	0	0	0	0	0	0	2	0
ENSG00000272950	6	3	0	5	3	3	0	0	0	0	0	3
ENSG00000215506	0	0	1	0	0	0	0	0	0	0	0	0
ENSG00000242807	0	0	0	0	0	0	0	0	0	0	0	1
ENSG00000177406	24	20	35	147	138	76	134	100	78	137	91	151
ENSG00000121897	144	191	164	1204	957	833	266	182	196	147	92	260
ENSG00000251707	0	1	0	0	0	0	0	0	0	0	0	0
ENSG00000116703	0	0	5	3	3	0	0	0	1	2	1	6
ENSG00000189319	13559	3139	11513	763	1231	1245	545	763	1144	580	564	310
ENSG00000211642	24	85	22	1706	3747	3459	9997	8751	12901	14824	8341	12811
ENSG00000114850	2074	1457	934	42130	36986	19938	67556	39116	28990	20399	20009	26894
ENSG00000238749	0	0	0	0	0	0	0	0	0	0	0	0
ENSG00000106038	0	0	0	0	0	0	0	0	0	0	0	0
ENSG00000198346	460	149	301	436	469	492	135	186	185	140	147	178
ENSG00000248490	0	0	0	0	0	0	0	0	0	0	0	0
ENSG00000259527	0	0	2	0	1	0	0	0	0	0	0	1
ENSG00000160075	1556	705	1152	4079	4761	4178	1870	1819	1920	1289	1162	1056
ENSG00000264103	0	1	0	0	0	0	0	9	0	0	0	0
ENSG00000226641	0	0	0	0	0	0	0	0	0	0	0	0
ENSG00000268182	1	1	0	1	1	2	0	1	1	1	0	3
ENSG00000177993	1	0	0	0	0	0	0	0	0	0	0	0
ENSG00000252012	0	0	0	0	0	0	0	0	0	0	0	0
ENSG00000223390	18	8	30	3	2	1	4	2	0	0	0	0
ENSG00000263030	0	0	0	0	0	0	0	0	0	0	0	0
ENSG00000199801	0	0	0	0	0	0	0	0	0	0	0	0
ENSG00000264318	0	0	0	0	0	0	0	0	0	0	0	0
ENSG00000260989	1	0	0	0	0	0	0	0	0	1	0	0
ENSG00000263631	0	0	0	0	0	0	0	0	0	0	0	0
ENSG00000248770	0	0	0	0	0	0	0	0	0	0	0	0
ENSG00000267175	1	0	0	0	0	0	0	0	0	0	0	0
ENSG00000200972	0	0	0	5	1	2	0	0	2	0	0	1
ENSG00000199378	0	0	0	0	0	0	0	0	0	0	0	0
ENSG00000147027	0	0	0	0	0	0	0	0	0	0	0	0
ENSG00000226482	0	0	0	0	0	0	0	0	0	0	0	0
ENSG00000136546	0	0	0	0	0	0	0	0	0	0	0	0
ENSG00000254735	0	0	0	0	0	0	0	0	0	0	0	0
ENSG00000126562	2	1	18	26	7	7	5	6	0	5	0	4
ENSG00000238604	0	0	0	0	0	0	0	0	0	0	0	0
ENSG00000260144	7	6	7	7	0	3	1	3	1	1	0	6
ENSG00000264891	0	0	0	0	0	0	0	0	0	0	0	0
ENSG00000224470	11928	8524	12419	4500	2874	2969	3363	2593	3335	2840	1891	4008
ENSG00000203870	0	0	0	0	0	0	0	0	0	0	0	0
ENSG00000224999	0	0	0	0	0	0	0	0	0	0	0	0
ENSG00000249278	0	0	0	0	0	0	0	0	0	0	0	0
ENSG00000196566	0	0	0	0	0	0	0	0	0	0	0	0
ENSG00000170153	0	0	0	0	0	1	0	0	0	0	0	0
ENSG00000238421	0	0	0	0	0	0	0	0	0	0	0	0
ENSG00000265869	0	0	0	0	0	0	0	0	0	0	0	0
ENSG00000235195	0	0	0	0	0	0	0	0	0	0	0	0
ENSG00000250524	0	0	0	0	0	0	0	0	0	0	0	0
ENSG00000254626	0	0	0	0	0	0	0	0	0	0	0	0
ENSG00000108298	115375	151457	103361	140207	79979	68591	77994	33319	33938	12666	11464	25280
ENSG00000251539	0	0	0	0	0	0	0	0	0	0	0	0
ENSG00000082781	20	22	38	17	30	12	166	18	94	66	8	12
ENSG00000249572	7	2	2	44	11	50	27	12	22	18	6	29
ENSG00000165821	16	10	15	10	5	9	14	13	17	26	26	13
ENSG00000149633	0	0	0	0	0	0	0	0	0	0	0	0
ENSG00000232025	0	0	0	0	0	0	0	0	0	0	0	0
ENSG00000234200	0	0	0	0	0	0	0	0	0	0	0	0
ENSG00000211821	0	0	0	0	0	0	0	1	0	0	0	0
ENSG00000101981	0	0	0	0	0	0	0	0	0	0	0	0
ENSG00000233806	407	319	150	57	23	42	14	12	16	22	7	96
ENSG00000217169	0	0	0	0	0	0	0	0	0	0	0	0
ENSG00000260191	0	0	0	0	0	0	0	0	0	0	0	0
ENSG00000272226	1	0	0	2	0	0	3	0	0	0	0	3
ENSG00000251703	1	4	0	0	0	0	0	0	0	0	0	0
ENSG00000235246	1	0	0	2	3	0	12	5	4	7	6	18
ENSG00000256186	0	0	0	0	0	0	0	0	0	0	1	0
ENSG00000211693	0	0	0	0	0	0	0	0	0	0	0	0
ENSG00000229723	0	0	3	0	0	1	0	0	0	0	0	2
ENSG00000223044	1	0	4	6	0	3	11	3	0	2	1	11
ENSG00000261530	0	0	0	0	0	0	0	0	0	0	0	0
ENSG00000237458	0	0	0	0	0	0	0	0	0	0	0	0
ENSG00000212204	0	0	0	0	0	0	0	0	0	0	0	0
ENSG00000215560	0	0	0	0	0	0	0	0	0	0	0	0
ENSG00000154127	86	13	242	306	923	346	289	299	398	61	40	33
ENSG00000251237	0	0	0	0	0	0	0	0	0	0	0	0
ENSG00000229717	0	0	0	0	0	0	0	2	0	1	0	2
ENSG00000220125	0	0	0	0	0	0	0	0	0	0	0	0
ENSG00000264431	0	0	0	0	0	0	0	0	0	0	0	0
ENSG00000167468	3850	2556	1872	7534	5530	4426	1517	973	1181	945	994	1434
ENSG00000226784	285	138	192	6384	4937	3998	908	811	802	438	408	340
ENSG00000273430	0	0	0	0	0	0	0	0	0	0	0	0
ENSG00000222438	0	0	0	0	0	0	0	0	0	0	0	0
ENSG00000216127	0	0	0	0	0	0	0	0	0	0	0	0
ENSG00000239045	0	1	0	0	0	0	0	0	0	0	0	0
ENSG00000211836	0	0	0	2	3	2	0	0	0	0	0	0
ENSG00000232258	0	0	0	0	0	0	0	0	0	0	0	0
ENSG00000171484	0	0	1	0	0	0	0	0	0	1	0	1
ENSG00000221157	2	0	0	2	0	0	0	0	0	0	0	0
ENSG00000230559	0	0	0	0	0	0	0	0	0	0	0	0
ENSG00000241840	0	0	0	0	0	0	0	0	0	0	0	0
ENSG00000241991	7	2	10	1	0	0	0	0	0	0	0	0
ENSG00000268628	0	0	0	0	0	0	0	0	0	0	0	0
ENSG00000252679	0	0	0	0	0	0	0	0	0	0	0	0
ENSG00000242790	0	0	0	0	0	0	0	0	0	0	0	0
ENSG00000269866	10	3	5	6	0	2	1	0	1	1	1	2
ENSG00000212230	1	0	0	0	0	0	1	0	0	0	1	1
ENSG00000138308	0	0	0	0	0	0	0	0	0	0	3	0
ENSG00000225594	0	0	0	0	0	0	0	0	0	0	0	0
ENSG00000065457	420	215	426	840	907	796	478	326	392	430	248	358
ENSG00000259720	0	0	0	0	0	0	0	0	0	0	0	0
ENSG00000253558	7	6	2	1	1	0	5	4	1	1	1	1
ENSG00000206515	0	0	0	0	0	0	0	0	0	0	0	0
ENSG00000251884	0	0	0	0	0	0	0	0	0	0	0	0
ENSG00000211639	208	77	14	424	232	906	3601	422	7127	6257	300	4587
ENSG00000179632	5219	2047	3563	2370	3814	3402	1573	1860	2140	1108	960	1052
ENSG00000250312	71	77	85	418	708	330	98	153	81	100	142	117
ENSG00000263235	3	4	3	35	6	32	11	4	3	1	5	15
ENSG00000162727	0	0	0	0	0	0	0	0	0	0	0	0
ENSG00000212930	0	0	0	0	0	0	0	0	0	0	0	0
ENSG00000152049	0	2	0	1	0	4	0	0	0	0	0	0
ENSG00000272198	29	10	11	27	17	37	0	1	1	0	1	3
ENSG00000259149	0	0	0	0	0	0	0	0	0	0	0	0
ENSG00000197536	561	823	648	322	276	275	560	374	358	408	297	726
ENSG00000168135	0	0	0	0	0	0	0	0	0	0	0	0
ENSG00000240729	21	18	40	3	0	3	2	1	0	0	0	1
ENSG00000143753	3477	2254	2191	3131	3512	3353	1343	1346	1523	1135	901	736
ENSG00000201850	0	0	0	0	0	2	0	0	0	0	0	0
ENSG00000075643	9	0	8	57	90	31	20	4	19	26	0	29
ENSG00000207581	0	0	0	0	0	0	0	0	0	0	0	0
ENSG00000200528	0	0	0	0	0	0	0	0	0	0	0	0
ENSG00000233706	0	0	0	0	0	0	0	0	0	0	0	0
ENSG00000236420	0	0	0	0	0	0	0	0	0	0	0	0
ENSG00000222732	0	0	0	0	0	0	0	0	0	0	0	0
ENSG00000252538	0	0	0	0	0	0	0	0	0	0	0	0
ENSG00000272875	0	0	0	0	0	0	0	0	0	0	0	0
ENSG00000212247	0	0	0	0	0	0	0	0	0	0	0	0
ENSG00000231540	0	0	0	0	0	0	0	0	0	0	0	0
ENSG00000250685	0	0	0	0	0	0	0	0	0	0	0	0
ENSG00000272328	0	0	0	0	0	0	0	0	0	0	0	0
ENSG00000262081	2	1	3	0	0	2	0	0	0	0	0	1
ENSG00000266151	0	0	0	0	0	0	0	0	0	0	0	0
ENSG00000178974	2422	407	961	1036	1264	1167	675	807	645	530	445	570
ENSG00000168477	169	113	124	32	7	18	36	20	36	26	12	28
ENSG00000229081	0	3	0	0	0	1	0	0	0	0	0	0
ENSG00000082175	0	0	0	0	0	1	0	0	0	0	0	0
ENSG00000129472	1084	738	1058	674	479	701	807	613	559	751	447	1030
ENSG00000254575	0	0	0	0	0	0	0	0	0	0	0	0
ENSG00000122592	1	2	0	0	4	1	0	0	1	0	1	0
ENSG00000222990	2	0	0	0	0	0	0	0	0	0	0	0
ENSG00000249210	0	0	0	12	7	9	1	5	0	0	1	0
ENSG00000231404	0	0	0	0	0	0	0	0	0	0	0	0
ENSG00000175356	0	0	0	0	0	0	0	0	0	0	0	0
ENSG00000205707	234	257	366	790	497	299	921	323	220	419	329	567
ENSG00000073921	3786	1890	3212	4772	9133	5903	3705	4258	4587	3811	3315	2715
ENSG00000252362	0	0	0	0	0	0	0	0	0	0	0	0
ENSG00000260364	0	0	0	0	0	0	0	0	0	0	0	0
ENSG00000227507	6239	2613	1321	759	216	498	4	3	2	1	1	2
ENSG00000227122	0	0	0	0	0	0	0	0	0	0	0	0
ENSG00000225092	14	14	5	2	0	0	0	0	0	0	0	6
ENSG00000166411	801	607	903	1996	3012	2374	1119	1440	1255	1143	1103	1393
ENSG00000175193	812	347	460	2094	2441	2019	1075	997	969	569	486	607
ENSG00000126233	0	0	0	2	0	0	0	0	0	0	0	0
ENSG00000204889	0	0	0	0	0	0	0	0	0	0	0	0
ENSG00000268972	0	0	0	0	0	0	0	0	0	0	0	0
ENSG00000254805	0	0	0	0	0	0	0	0	0	0	0	0
ENSG00000143870	3010	1265	1513	19105	32229	24153	13675	16212	16587	9462	8819	5161
ENSG00000207007	0	0	0	0	0	0	0	0	0	1	0	0
ENSG00000258358	0	0	0	0	0	0	0	0	0	0	0	0
ENSG00000256197	0	0	0	0	0	0	0	0	0	0	0	0
ENSG00000253639	0	0	0	0	0	0	0	0	0	0	0	0
ENSG00000251620	1	0	0	0	0	0	0	0	0	0	0	0
ENSG00000092020	1104	852	964	1845	1749	1091	1014	625	516	358	285	583
ENSG00000224289	0	0	0	0	0	0	0	0	0	0	0	0
ENSG00000178750	3	1	0	2	0	2	0	0	0	0	0	0
ENSG00000233576	0	0	0	0	0	0	0	0	0	0	0	0
ENSG00000146243	46	51	33	353	255	253	68	37	50	39	16	56
ENSG00000270272	0	0	0	0	0	0	0	0	0	0	0	0
ENSG00000161558	57	25	72	407	414	478	232	246	318	140	96	268
ENSG00000271140	0	0	0	0	0	0	0	0	0	0	0	0
ENSG00000267097	0	0	0	0	0	0	0	0	0	0	0	0
ENSG00000267472	0	0	0	0	0	0	0	0	0	0	0	0
ENSG00000253748	0	0	0	0	0	0	0	0	0	0	0	0
ENSG00000259591	0	0	0	0	0	0	0	0	0	0	0	0
ENSG00000254681	5227	2481	5327	2214	1604	2695	1168	1099	1681	1016	621	2149
ENSG00000007255	236	250	191	425	372	354	492	427	626	323	260	309
ENSG00000188386	3	0	0	2	1	1	1	1	1	1	0	1
ENSG00000226196	0	0	0	0	0	0	0	0	0	0	0	0
ENSG00000234306	0	1	0	0	0	0	0	0	0	0	0	0
ENSG00000226710	0	0	0	0	0	0	0	0	0	0	0	0
ENSG00000237110	0	0	0	0	0	0	0	0	0	0	0	0
ENSG00000249779	0	0	1	0	0	0	2	0	0	0	0	0
ENSG00000234031	3	9	2	9	3	2	2	0	0	1	1	0
ENSG00000157212	827	286	400	1704	1915	2167	276	380	417	203	155	282
ENSG00000163596	218	176	368	144	163	173	38	22	29	5	0	8
ENSG00000206488	0	0	0	0	0	0	0	0	0	0	0	0
ENSG00000105668	0	0	4	2	8	3	0	3	1	2	0	4
ENSG00000080345	3858	2097	2710	4086	5103	5697	1352	1397	1471	1390	1088	1294
ENSG00000234229	0	0	0	0	0	1	0	0	0	0	0	0
ENSG00000255178	0	0	0	0	0	0	0	0	0	0	0	0
ENSG00000163191	112	19	30	3154	4655	3705	1468	1665	1676	812	726	596
ENSG00000201600	0	0	0	0	0	0	0	0	0	0	0	3
ENSG00000223959	1078	458	1482	1380	605	1183	510	459	312	456	193	825
ENSG00000183653	0	0	0	0	0	0	0	0	0	0	0	0
ENSG00000113758	16	6	25	141	343	105	31	105	78	46	70	89
ENSG00000137070	362	390	644	283	65	142	187	86	109	147	60	363
ENSG00000181904	1080	600	1097	1121	755	801	937	580	464	591	349	997
ENSG00000226581	0	0	0	1	0	0	2	0	0	0	0	0
ENSG00000259309	0	0	0	0	0	0	0	0	0	0	0	0
ENSG00000227251	0	0	0	0	0	0	0	0	0	0	0	0
ENSG00000176925	0	0	0	0	0	0	0	0	0	0	0	0
ENSG00000138434	3327	1780	2051	1909	2130	2070	1665	1636	1481	1419	1255	1586
ENSG00000183763	53	26	25	1028	854	992	128	151	182	33	35	146
ENSG00000272965	0	0	0	0	0	0	0	0	0	0	0	0
ENSG00000264954	0	0	2	0	1	0	0	0	0	1	0	2
ENSG00000241172	0	0	0	0	0	0	0	0	0	0	0	0
ENSG00000120158	737	285	774	1020	1210	1148	310	378	359	249	229	261
ENSG00000108424	5436	1884	4712	15870	22532	25974	3568	4499	4665	4440	3256	3035
ENSG00000249262	0	0	0	0	0	0	0	0	0	0	0	0
ENSG00000261136	12	12	9	31	15	13	13	6	2	13	2	22
ENSG00000270554	3	6	22	0	0	0	0	1	0	0	0	1
ENSG00000224406	0	0	0	0	0	1	0	0	0	0	0	0
ENSG00000226208	0	0	0	0	0	0	0	0	0	0	0	0
ENSG00000243000	7	10	13	12	3	10	1	4	1	8	0	20
ENSG00000230055	43	29	33	773	439	607	191	82	176	73	42	114
ENSG00000220948	0	0	0	0	0	0	0	0	0	0	0	0
ENSG00000235328	13	10	12	5	0	1	1	2	0	6	0	1
ENSG00000264903	0	0	0	0	0	0	0	0	0	0	0	0
ENSG00000213158	0	0	0	0	0	0	0	0	0	0	0	0
ENSG00000240993	0	0	0	0	0	0	0	0	0	0	0	0
ENSG00000038427	46	30	7	32	49	92	2	1	6	0	0	0
ENSG00000267125	0	0	0	0	0	0	0	0	0	0	0	0
ENSG00000172466	7720	4304	7963	4746	5230	3716	3914	3458	2933	3265	3129	3486
ENSG00000148584	1	1	0	1	2	1	10	0	0	1	0	1
ENSG00000261247	29	28	29	46	30	108	6	10	14	28	5	55
ENSG00000253184	0	0	0	0	0	0	0	0	0	0	0	0
ENSG00000218213	0	0	0	0	0	0	0	0	0	0	0	0
ENSG00000112461	0	0	0	0	0	0	0	0	0	0	0	0
ENSG00000200718	0	0	0	0	0	0	0	0	0	0	0	0
ENSG00000215319	1	0	0	1	6	1	0	3	0	1	2	2
ENSG00000265155	0	0	0	0	0	0	0	0	0	0	0	0
ENSG00000232233	6	2	3	34	10	19	3	3	3	2	0	3
ENSG00000239079	0	0	0	0	0	0	0	0	0	0	0	0
ENSG00000266419	0	0	0	0	0	0	0	0	0	0	0	0
ENSG00000261716	176	79	240	188	62	79	259	97	68	207	81	426
ENSG00000229805	0	0	0	0	0	0	0	0	0	0	0	0
ENSG00000241106	586	434	681	264	99	142	195	134	112	268	116	240
ENSG00000186234	2	0	0	2	0	0	0	0	1	0	0	1
ENSG00000198728	3429	2045	2742	1622	1849	2040	1156	1006	1062	899	654	1207
ENSG00000144021	2707	1259	1487	3001	3003	2928	1862	1612	1714	1578	1115	2101
ENSG00000241352	18	38	29	51	17	9	17	6	8	5	2	4
ENSG00000164185	0	3	2	2	0	4	3	3	3	5	0	7
ENSG00000124491	83	32	350	0	2	0	0	0	0	0	1	0
ENSG00000185053	0	0	0	0	0	0	0	0	0	1	0	0
ENSG00000215705	0	0	0	0	0	0	0	0	0	0	0	0
ENSG00000254160	0	0	0	0	0	0	0	0	0	0	0	0
ENSG00000238107	2	0	0	14	1	4	0	0	0	0	0	0
ENSG00000181458	2	2	4	255	272	172	224	553	360	84	312	263
ENSG00000260724	0	0	0	0	0	0	0	0	0	0	0	0
ENSG00000101493	765	775	31	66	54	25	15	37	6	25	34	17
ENSG00000115163	11	8	18	2299	1777	1276	526	525	502	75	144	302
ENSG00000243464	0	0	1	0	0	0	0	0	0	0	0	0
ENSG00000157259	581	238	791	750	770	741	522	422	452	408	299	694
ENSG00000134014	170	85	248	1917	3198	2451	633	790	1032	612	467	368
ENSG00000225872	1	0	0	0	0	0	0	0	0	0	0	0
ENSG00000207191	1	0	1	0	0	0	0	2	2	0	1	0
ENSG00000111046	0	0	107	1	0	0	0	0	1	0	0	0
ENSG00000250708	0	0	0	0	0	0	0	0	0	0	0	0
ENSG00000255415	0	0	0	0	0	0	0	0	0	0	0	0
ENSG00000211582	0	0	0	0	0	0	0	0	0	0	0	0
ENSG00000221200	0	0	0	0	0	0	0	0	0	0	0	0
ENSG00000211746	5	0	0	0	0	0	0	0	1	0	3	1
ENSG00000240800	0	0	0	0	0	0	0	0	0	0	0	0
ENSG00000233834	1	4	0	189	69	41	239	85	84	71	64	111
ENSG00000267727	0	0	0	0	0	0	0	0	0	0	0	0
ENSG00000227376	21	21	17	18	28	18	12	3	4	2	3	6
ENSG00000269154	0	0	0	0	0	0	0	0	0	0	0	0
ENSG00000214727	1	3	3	1	0	0	0	0	0	1	0	0
ENSG00000105289	9	3	9	13	8	4	5	6	27	9	8	14
ENSG00000211698	9	7	15	25	33	12	21	40	13	14	19	8
ENSG00000172345	359	425	594	350	215	226	1410	806	487	1247	717	2536
ENSG00000125503	1481	1135	1299	2405	1554	2353	1214	926	1168	894	461	1385
ENSG00000266686	0	0	0	0	0	0	0	0	0	0	0	0
ENSG00000243048	0	0	0	0	0	0	0	0	0	0	0	0
ENSG00000251196	868	572	11	156	230	339	8	51	119	3	10	8
ENSG00000235003	0	0	0	0	0	1	0	0	0	0	0	0
ENSG00000253165	0	0	0	0	0	0	1	1	0	0	0	0
ENSG00000242135	0	0	0	0	0	0	0	0	0	0	0	0
ENSG00000221389	0	0	0	0	0	0	0	0	0	0	0	0
ENSG00000267040	57	53	70	160	99	114	79	53	54	58	31	57
ENSG00000172794	470	214	302	749	1674	1106	586	533	1116	343	139	525
ENSG00000269093	0	0	0	0	0	0	0	0	0	0	0	0
ENSG00000262879	99	53	141	189	233	171	121	118	125	105	60	141
ENSG00000270494	0	0	0	0	0	0	0	0	0	0	0	0
ENSG00000178802	195	54	149	2136	2691	1917	898	1065	1010	563	516	559
ENSG00000224136	0	0	0	0	0	0	0	0	0	0	0	0
ENSG00000099769	54	6	25	1	3	0	0	0	1	0	0	4
ENSG00000266663	0	0	0	0	0	0	0	0	0	0	0	0
ENSG00000240459	0	0	0	0	2	1	0	0	0	0	0	0
ENSG00000269394	0	0	0	0	0	0	0	0	0	0	0	0
ENSG00000261456	0	0	0	0	0	0	0	0	0	0	0	0
ENSG00000230630	0	0	0	4	1	2	11	4	3	1	0	7
ENSG00000232834	0	0	0	0	0	0	0	0	0	0	0	0
ENSG00000143224	122	110	208	700	596	750	558	426	642	449	227	941
ENSG00000211681	0	0	0	2	0	0	0	1	0	3	0	3
ENSG00000199291	0	0	0	0	0	0	0	0	0	0	0	0
ENSG00000112218	0	2	0	204	137	177	65	26	52	41	13	44
ENSG00000271676	0	0	0	2	2	0	3	0	1	5	0	0
ENSG00000269955	0	0	0	0	0	0	0	0	0	0	0	0
ENSG00000106348	630	346	489	2376	3422	3628	915	1310	1393	733	618	683
ENSG00000201368	0	0	0	0	0	0	0	0	0	0	0	0
ENSG00000255545	0	0	0	0	0	0	0	0	0	1	0	0
ENSG00000267680	143	70	154	141	58	72	147	87	68	122	58	300
ENSG00000254119	1	0	0	0	0	0	7	5	1	0	0	1
ENSG00000273273	0	0	0	0	0	0	0	0	0	0	0	0
ENSG00000263785	0	0	0	0	0	0	0	0	0	0	0	0
ENSG00000244513	173	160	270	66	18	37	52	17	14	23	12	59
ENSG00000249685	61	10	34	24	13	20	28	23	15	37	7	33
ENSG00000248954	0	5	2	0	0	0	0	0	0	0	0	0
ENSG00000153989	3879	1682	1706	5918	11892	7070	5513	8676	5274	3896	5233	3133
ENSG00000260008	0	0	0	0	0	0	0	0	0	0	0	0
ENSG00000262403	0	0	0	0	0	0	0	0	0	0	0	0
ENSG00000226009	7	7	2	10	0	3	1	2	2	2	1	0
ENSG00000133135	0	0	0	0	0	0	0	0	0	0	0	0
ENSG00000172322	0	8	3	7	2	1	0	0	1	0	0	0
ENSG00000228090	0	0	0	0	0	0	0	0	0	0	0	0
ENSG00000154237	1629	1313	2124	784	961	1118	1526	1604	1415	1718	1305	2107
ENSG00000232764	0	0	0	0	0	0	0	0	0	0	0	0
ENSG00000238984	0	0	0	0	0	0	0	0	0	0	0	0
ENSG00000260261	161	92	148	230	67	132	84	41	32	67	29	149
ENSG00000165025	6783	2114	7429	10088	15921	15828	7829	10601	8982	6296	5433	4628
ENSG00000135164	4575	3169	5908	3869	1444	2392	2950	1798	1259	1992	1132	3657
ENSG00000120137	5374	3123	4205	5602	7257	5450	3561	3013	3109	1811	1762	2311
ENSG00000170291	965	753	428	2087	2099	1799	893	748	794	464	420	747
ENSG00000258149	0	0	0	0	0	0	0	0	0	0	0	0
ENSG00000238449	0	0	0	0	0	0	0	0	0	0	0	0
ENSG00000172850	0	0	0	0	0	0	0	0	0	0	0	0
ENSG00000226341	0	0	0	0	0	0	0	0	0	0	0	0
ENSG00000253251	346	472	356	343	128	135	188	72	59	98	58	225
ENSG00000026036	88	34	80	111	24	95	60	32	45	32	18	140
ENSG00000271142	0	0	0	0	0	0	0	0	0	0	0	0
ENSG00000222197	0	1	0	0	0	0	0	0	0	0	0	0
ENSG00000221849	0	0	0	0	0	0	0	0	0	0	0	0
ENSG00000266176	0	0	0	1	0	1	0	0	0	0	0	0
ENSG00000235263	0	0	0	0	0	0	0	0	0	0	0	0
ENSG00000251571	0	0	0	0	0	0	0	0	0	0	0	0
ENSG00000251614	5	1	8	1	0	0	0	0	0	0	1	0
ENSG00000125631	83	122	87	3	1	2	17	2	1	1	0	14
ENSG00000260393	0	0	0	0	0	0	0	0	0	0	0	0
ENSG00000264984	0	0	0	0	0	0	0	0	0	0	0	0
ENSG00000237422	0	0	0	6	4	7	4	1	1	0	1	1
ENSG00000199095	0	0	0	0	0	0	0	0	0	0	0	0
ENSG00000219150	0	0	3	0	0	0	0	0	0	0	0	0
ENSG00000229257	0	0	0	0	0	0	0	0	0	0	0	0
ENSG00000196787	7	12	8	103	46	91	62	44	36	67	38	117
ENSG00000238651	0	0	0	0	0	1	0	0	0	0	0	0
ENSG00000256750	0	0	0	0	0	0	0	0	0	0	0	0
ENSG00000053524	3	6	3	36	17	29	4	0	2	1	0	3
ENSG00000263957	0	0	0	0	0	0	0	0	0	0	0	0
ENSG00000178803	81	112	93	46	9	18	74	31	24	38	18	126
ENSG00000236346	0	0	0	0	0	0	0	0	0	0	0	0
ENSG00000248396	0	0	0	0	0	0	0	0	0	0	0	0
ENSG00000242364	0	0	0	0	0	0	0	0	0	0	0	0
ENSG00000137078	478	250	446	2050	1932	1253	506	447	521	104	120	113
ENSG00000248518	0	0	0	0	0	0	0	0	0	0	0	0
ENSG00000271167	0	0	0	0	0	0	0	0	0	0	0	0
ENSG00000117411	189	77	506	1088	1315	1787	709	738	773	357	336	531
ENSG00000249975	0	0	0	0	0	0	0	0	0	0	0	0
ENSG00000233674	0	0	0	0	0	0	0	0	0	0	0	0
ENSG00000170419	0	0	0	0	0	0	0	0	0	0	0	0
ENSG00000179523	86	42	72	224	102	136	72	38	51	61	22	80
ENSG00000229897	1	1	3	5	5	6	0	2	3	2	1	3
ENSG00000241484	124	56	30	0	0	3	16	7	3	3	3	27
ENSG00000142655	615	319	322	508	711	818	370	345	359	234	216	233
ENSG00000215231	0	0	0	0	0	0	0	0	0	0	0	0
ENSG00000269177	0	1	0	0	1	0	0	0	0	0	1	0
ENSG00000235338	0	0	0	0	0	0	0	0	0	0	0	0
ENSG00000238149	1	2	1	0	0	0	0	0	0	0	0	0
ENSG00000249870	0	0	0	0	0	0	0	0	0	0	0	0
ENSG00000261426	0	0	0	0	0	0	0	0	0	0	0	0
ENSG00000260850	0	0	0	0	0	0	0	0	0	0	0	0
ENSG00000235169	5	8	3	0	3	0	16	20	33	14	10	34
ENSG00000230839	0	0	0	1	0	0	0	0	0	0	0	0
ENSG00000226192	0	0	0	0	0	0	0	0	0	0	0	0
ENSG00000253369	0	0	0	0	0	0	0	0	0	0	0	0
ENSG00000241654	0	0	0	0	0	0	0	0	0	0	0	0
ENSG00000266214	0	0	0	0	0	0	0	0	0	0	0	0
ENSG00000125652	706	723	486	709	606	649	792	462	788	297	302	510
ENSG00000243366	0	0	0	0	0	0	0	0	0	0	0	0
ENSG00000227463	0	0	0	1	0	0	0	0	0	0	0	0
ENSG00000249503	0	0	0	0	0	0	0	0	0	0	0	0
ENSG00000200291	0	0	0	0	0	0	0	0	0	0	0	0
ENSG00000229425	0	0	0	0	0	0	0	0	0	0	0	0
ENSG00000250234	0	0	0	0	0	0	0	0	0	0	0	0
ENSG00000251059	0	0	0	0	0	0	0	0	0	0	0	0
ENSG00000239402	0	0	0	0	0	0	0	0	0	0	0	0
ENSG00000229281	0	0	0	0	0	0	0	0	0	0	0	0
ENSG00000174130	907	438	487	954	725	460	692	626	269	812	732	990
ENSG00000172500	613	400	406	3488	3398	3448	1110	967	1224	563	463	685
ENSG00000184009	15782	7018	7752	283905	330870	330490	24521	25248	48935	3119	3949	3351
ENSG00000235698	0	1	0	3	12	8	0	0	3	1	0	1
ENSG00000154099	21	16	28	9	2	4	21	13	69	2	3	8
ENSG00000261208	2	0	0	0	0	1	0	0	0	0	0	1
ENSG00000213729	0	0	0	2	0	0	1	1	0	0	0	0
ENSG00000259080	0	0	0	0	0	0	0	0	0	0	0	0
ENSG00000223920	0	0	0	1	0	0	0	0	0	0	0	0
ENSG00000260077	121	59	130	18	6	10	17	1	5	14	2	13
ENSG00000139146	7820	6416	8330	7979	6746	4651	3129	1870	2347	1197	1031	1707
ENSG00000253018	0	0	0	0	0	0	0	0	0	0	0	0
ENSG00000227436	1	4	2	4	6	4	4	0	0	0	4	2
ENSG00000231121	0	0	0	0	0	0	0	0	0	1	0	0
ENSG00000206355	0	0	0	0	0	0	0	0	0	0	0	0
ENSG00000238078	0	1	0	1	2	2	4	2	4	2	0	0
ENSG00000213699	671	259	416	975	1941	1307	727	940	1193	664	633	379
ENSG00000235577	0	0	0	0	0	0	0	0	0	0	0	0
ENSG00000266988	1	0	0	0	0	0	0	0	0	0	0	0
ENSG00000229109	0	0	0	0	0	0	0	0	0	0	0	0
ENSG00000228881	0	0	0	0	0	0	0	0	0	0	0	0
ENSG00000260896	63	112	11	163	115	128	4	6	2	0	4	4
ENSG00000168530	0	0	0	0	0	0	0	0	0	0	0	0
ENSG00000258897	0	0	0	0	0	0	0	0	0	0	0	0
ENSG00000244230	0	0	0	0	0	0	0	0	0	0	0	0
ENSG00000251049	0	0	0	0	0	0	0	0	0	0	0	0
ENSG00000202498	0	0	0	0	0	0	0	0	0	0	0	0
ENSG00000196559	72	58	78	7	3	4	2	4	1	5	0	8
ENSG00000266329	0	0	0	0	0	0	0	0	0	0	0	0
ENSG00000262966	6	1	0	0	1	0	0	0	0	0	0	0
ENSG00000250032	0	0	0	0	0	0	0	0	0	0	0	0
ENSG00000258135	0	0	0	0	0	0	0	0	0	0	0	0
ENSG00000188279	1	0	0	0	0	0	0	0	0	0	0	0
ENSG00000261718	0	0	0	0	0	0	0	0	0	0	0	0
ENSG00000261664	0	0	0	0	0	0	0	0	0	0	0	0
ENSG00000057019	9	9	12	86	109	162	51	60	114	52	48	56
ENSG00000227923	0	0	0	0	0	0	0	0	0	0	0	0
ENSG00000224436	0	0	0	0	0	0	0	0	0	0	0	0
ENSG00000171603	3081	675	2228	3693	6811	6375	2328	3826	4150	2706	3110	1502
ENSG00000229325	37	22	86	21	13	20	18	5	4	7	6	51
ENSG00000271924	1	2	1	3	0	3	2	1	0	1	2	6
ENSG00000240427	0	0	0	0	0	0	0	0	0	0	0	0
ENSG00000199020	0	0	0	0	0	0	0	0	0	0	0	0
ENSG00000257319	0	0	0	0	0	0	0	0	0	0	0	0
ENSG00000180739	12	7	0	0	0	0	0	0	0	0	0	0
ENSG00000272185	0	0	0	0	0	0	0	0	0	0	0	0
ENSG00000230676	0	0	0	0	0	0	0	0	0	0	0	0
ENSG00000214732	0	0	0	0	0	0	0	0	0	0	0	0
ENSG00000071794	140	74	78	1565	2478	1864	418	614	769	596	404	493
ENSG00000250535	52	38	36	31	34	32	24	19	17	15	7	16
ENSG00000236554	0	0	0	0	0	0	0	1	0	0	0	0
ENSG00000221352	0	0	0	0	0	0	0	0	0	0	0	0
ENSG00000023287	6077	3056	4748	1586	2451	1955	1911	2205	1706	1738	1349	1359
ENSG00000262533	0	0	0	0	0	0	0	0	0	0	0	0
ENSG00000134590	102	40	98	368	284	397	108	96	168	95	55	139
ENSG00000257245	0	0	0	0	0	0	0	0	0	0	0	0
ENSG00000260072	0	0	0	0	1	0	0	0	0	0	0	0
ENSG00000249692	0	0	0	0	0	0	0	0	0	0	0	0
ENSG00000180730	0	0	0	72	466	160	21	102	156	3	7	1
ENSG00000224919	1	0	0	0	0	0	0	0	0	0	0	0
ENSG00000272610	0	0	0	0	0	0	0	0	0	0	0	0
ENSG00000251246	0	0	0	0	0	0	0	0	0	0	0	0
ENSG00000211829	6	1	22	20	11	8	3	0	0	1	1	3
ENSG00000186212	2	0	0	2	0	0	0	0	0	2	0	0
ENSG00000269324	0	0	0	0	0	0	0	0	0	0	0	0
ENSG00000121410	5	11	9	26	8	4	10	2	5	11	2	7
ENSG00000212228	0	0	0	0	0	2	0	0	0	0	0	0
ENSG00000265420	0	0	0	0	0	0	0	0	0	0	0	0
ENSG00000207162	0	0	0	0	0	0	0	0	0	0	0	0
ENSG00000166947	481	274	513	54	26	25	35	18	19	22	13	47
ENSG00000262944	3560	3348	4406	1102	912	757	493	402	473	336	272	432
ENSG00000242866	59	48	112	10	3	10	23	2	5	5	2	25
ENSG00000157021	0	1	0	10	5	7	1	0	0	0	0	1
ENSG00000270317	0	0	0	0	0	0	0	0	0	0	0	0
ENSG00000170498	0	0	0	0	0	0	0	0	0	0	0	0
ENSG00000263747	0	0	0	0	0	0	0	0	0	0	0	0
ENSG00000223064	0	0	0	0	0	0	0	0	0	0	0	0
ENSG00000262515	0	0	0	0	0	0	0	0	0	0	0	0
ENSG00000255055	0	0	0	0	0	0	0	0	0	0	0	0
ENSG00000151208	47	9	30	98	98	137	60	35	57	75	36	59
ENSG00000125870	1742	1616	1342	8877	5518	3958	2911	1979	1759	1063	1017	1404
ENSG00000273081	6	1	4	15	18	23	25	20	14	27	12	34
ENSG00000251439	0	0	0	0	0	0	0	0	0	0	0	0
ENSG00000250303	16	16	84	8	3	8	4	2	3	2	0	12
ENSG00000266430	0	0	0	0	0	0	0	0	0	0	0	0
ENSG00000264298	0	0	0	0	0	0	0	0	0	0	0	0
ENSG00000256824	0	0	0	0	0	1	0	0	1	0	0	0
ENSG00000261813	0	0	0	0	0	0	0	0	0	0	0	0
ENSG00000104903	563	232	349	391	581	625	148	170	229	85	74	137
ENSG00000233608	3	2	0	0	0	0	0	0	0	0	0	0
ENSG00000184260	22	37	17	76	45	40	27	16	25	21	10	39
ENSG00000180787	97	41	136	386	156	222	228	162	103	295	153	406
ENSG00000268969	0	0	0	0	0	0	0	0	0	0	0	0
ENSG00000273247	97	92	122	49	43	58	38	45	19	40	23	69
ENSG00000272323	3	1	0	10	5	9	5	0	1	1	0	0
ENSG00000101347	88	42	35	3345	5374	5231	4304	4836	6354	4332	3828	2737
ENSG00000199910	0	0	0	0	0	0	0	0	0	0	0	0
ENSG00000176378	0	0	0	0	0	0	0	0	0	0	0	0
ENSG00000223024	0	0	0	0	0	0	0	0	0	0	0	0
ENSG00000272993	0	0	0	0	0	0	0	0	0	0	0	0
ENSG00000220745	0	0	0	0	0	0	0	0	0	0	0	0
ENSG00000265674	0	0	0	0	0	0	0	0	0	0	0	0
ENSG00000252804	0	0	0	0	0	0	0	0	0	0	0	0
ENSG00000266372	0	0	0	0	0	0	0	0	0	0	0	0
ENSG00000230712	0	0	0	1	2	0	1	0	0	1	0	0
ENSG00000252921	0	0	0	0	0	0	0	0	0	0	0	0
ENSG00000234087	0	0	0	3	0	0	0	0	0	0	0	0
ENSG00000204959	253	188	29	474	637	407	554	862	501	455	494	266
ENSG00000249621	0	0	0	0	0	0	0	0	0	0	0	0
ENSG00000230289	14	10	9	7	1	2	0	0	0	1	2	1
ENSG00000080854	0	5	1	15	22	17	2	0	1	0	0	0
ENSG00000225520	0	0	0	0	0	0	0	0	0	0	0	0
ENSG00000252030	0	0	0	0	0	0	0	0	0	0	0	0
ENSG00000135248	0	0	3	3	0	0	0	0	0	0	0	1
ENSG00000162913	11	5	8	2	0	0	0	0	0	0	0	1
ENSG00000100065	0	0	0	0	2	1	0	1	0	2	0	4
ENSG00000263320	30	17	31	21	7	9	4	2	7	6	7	4
ENSG00000266265	0	0	0	0	0	0	0	0	0	0	0	0
ENSG00000252472	0	0	0	0	0	0	0	0	0	0	0	0
ENSG00000231345	4	22	11	208	70	56	74	31	34	51	15	51
ENSG00000240450	0	0	0	0	0	0	0	0	0	0	0	0
ENSG00000226360	363	473	380	827	394	410	339	147	185	56	47	182
ENSG00000253530	0	0	0	0	0	0	0	0	0	0	0	0
ENSG00000223138	2	3	3	0	0	0	0	0	0	0	0	0
ENSG00000227213	0	0	0	0	0	0	0	0	0	0	0	0
ENSG00000267515	0	0	0	2	0	2	0	0	0	0	1	0
ENSG00000250080	0	0	0	0	0	0	0	0	0	0	0	0
ENSG00000213648	302	165	283	361	152	243	172	111	102	184	84	334
ENSG00000265733	0	0	0	0	0	0	0	0	0	0	0	0
ENSG00000204055	0	0	0	1	1	0	2	0	2	0	0	2
ENSG00000229541	0	0	0	0	0	0	0	0	0	0	0	0
ENSG00000201070	0	0	0	0	0	0	0	0	0	0	0	0
ENSG00000124541	721	196	356	2198	2653	2523	1121	1131	1059	681	592	601
ENSG00000174306	606	225	610	518	505	560	341	453	460	558	389	381
ENSG00000269109	0	0	0	0	0	0	0	0	0	0	0	0
ENSG00000231703	0	0	11	2	1	2	0	0	1	0	0	1
ENSG00000224425	0	0	0	0	0	0	0	0	0	0	0	0
ENSG00000129270	1	2	1	0	3	0	0	0	0	0	0	0
ENSG00000163993	2	4	3	2	6	3	2	0	0	1	0	3
ENSG00000263192	0	0	0	0	0	0	0	0	0	0	0	0
ENSG00000271689	0	0	0	0	0	0	0	0	0	0	0	0
ENSG00000211784	0	0	0	0	0	0	0	0	0	0	0	0
ENSG00000270252	0	0	0	0	0	0	0	0	0	0	0	1
ENSG00000159063	143	73	107	2237	3129	2647	1362	1518	1692	1043	1163	630
ENSG00000235284	26	19	25	17	16	18	7	2	4	2	3	4
ENSG00000267643	0	0	2	0	0	0	0	0	0	0	0	0
ENSG00000256586	0	0	0	0	0	0	0	0	0	0	0	0
ENSG00000111186	1	7	1	105	280	297	319	648	579	563	658	372
ENSG00000264771	0	0	0	0	0	1	0	0	0	0	0	0
ENSG00000269856	0	0	0	0	0	0	0	0	0	0	0	0
ENSG00000160145	2	0	6	0	2	1	0	0	0	0	0	0
ENSG00000248489	7	6	3	20	4	5	7	2	2	4	2	9
ENSG00000212482	0	0	0	0	0	0	0	0	0	0	0	0
ENSG00000270458	0	0	0	0	0	0	0	0	0	0	0	0
ENSG00000182397	4	15	22	14	36	77	10	1	8	5	1	17
ENSG00000266516	0	0	0	0	0	0	0	0	0	0	0	0
ENSG00000233238	0	0	0	0	0	0	0	0	0	0	0	0
ENSG00000233457	0	0	0	0	1	0	0	0	0	0	0	0
ENSG00000068781	0	0	1	0	0	0	0	0	0	0	0	0
ENSG00000265105	0	0	0	0	0	0	0	0	0	0	0	0
ENSG00000196861	0	0	0	0	0	0	0	0	0	0	0	0
ENSG00000258285	7	3	25	0	2	3	5	0	5	1	2	2
ENSG00000213888	8	4	3	28	14	26	9	9	9	3	1	6
ENSG00000237731	0	0	0	0	0	0	0	0	0	0	0	0
ENSG00000201746	1	2	5	0	0	0	0	0	0	1	0	1
ENSG00000215405	0	0	0	1	0	0	0	3	0	0	1	0
ENSG00000251407	0	0	0	0	0	0	0	0	0	0	0	0
ENSG00000240991	2	0	5	1	1	1	1	0	0	0	0	0
ENSG00000262617	0	0	0	0	0	0	0	0	0	0	0	0
ENSG00000252837	0	0	0	0	0	0	0	0	0	0	0	0
ENSG00000261627	0	0	0	0	0	0	0	0	0	0	0	0
ENSG00000178055	0	0	1	0	0	0	2	1	0	0	1	0
ENSG00000249079	0	0	0	0	0	0	0	0	0	0	0	0
ENSG00000235136	0	0	0	0	0	0	2	0	0	0	0	0
ENSG00000223466	0	0	0	6	7	6	0	2	1	0	0	0
ENSG00000261225	0	0	0	0	0	0	0	0	0	0	0	0
ENSG00000255447	2	1	0	0	1	1	1	0	0	0	0	1
ENSG00000261171	0	0	0	0	0	0	0	0	0	0	0	0
ENSG00000253737	0	0	0	3	1	2	0	0	0	1	0	0
ENSG00000106829	2684	1147	3126	1127	1895	1877	795	1026	1322	843	709	627
ENSG00000183091	739	223	436	194	33	132	447	121	162	320	107	248
ENSG00000148200	8	4	0	33	91	82	7	15	15	13	11	19
ENSG00000176395	0	0	0	0	0	0	0	0	0	0	0	0
ENSG00000232028	0	0	0	0	1	0	0	0	0	0	0	0
ENSG00000255652	0	0	0	7	1	2	4	1	3	5	0	1
ENSG00000176092	18	16	94	17	14	12	3	0	3	5	0	3
ENSG00000232951	0	0	0	3	7	2	0	3	0	0	1	0
ENSG00000237405	0	0	0	0	0	0	0	0	0	0	0	0
ENSG00000227747	0	0	0	0	1	1	0	0	0	0	0	0
ENSG00000235125	0	0	0	0	0	0	0	0	0	0	0	0
ENSG00000230524	1	2	2	3	2	0	0	0	0	0	0	0
ENSG00000186281	49	39	11	351	708	2660	39	110	587	44	41	305
ENSG00000269375	0	0	0	0	0	0	0	0	0	0	0	0
ENSG00000244345	0	3	1	1	0	1	0	0	0	0	0	0
ENSG00000207721	66	42	67	22	2	13	56	14	11	24	11	90
ENSG00000254697	0	0	0	0	0	0	0	0	0	0	0	0
ENSG00000262271	0	0	0	0	0	0	0	0	0	0	0	0
ENSG00000252029	0	0	0	0	0	0	0	0	0	0	0	0
ENSG00000226364	0	0	0	0	0	0	0	0	0	0	0	0
ENSG00000260075	2952	912	641	1120	1505	1264	1629	1723	1634	1826	1316	950
ENSG00000233645	0	0	0	0	0	0	0	0	0	0	0	0
ENSG00000186326	0	0	0	0	0	1	0	0	0	0	0	0
ENSG00000257914	0	0	0	0	0	0	0	0	0	0	0	0
ENSG00000232640	1	0	4	21	19	14	7	1	4	1	2	8
ENSG00000129151	0	0	0	0	0	0	0	0	1	0	0	1
ENSG00000228217	120	67	75	152	156	88	58	41	26	29	27	27
ENSG00000260056	0	0	0	0	0	0	0	0	0	0	0	0
ENSG00000255963	1	1	1	13	7	0	4	2	0	0	1	3
ENSG00000201806	1	0	3	2	0	1	0	0	0	1	0	3
ENSG00000225327	0	0	2	0	0	1	0	0	1	0	0	0
ENSG00000250392	0	0	0	0	0	0	0	0	0	0	0	0
ENSG00000263091	0	0	0	0	0	0	0	0	0	0	0	0
ENSG00000163462	8	5	3	261	144	277	51	44	80	15	5	23
ENSG00000235037	0	0	0	0	0	0	0	0	0	0	0	0
ENSG00000235675	0	0	0	0	0	0	0	0	0	0	0	0
ENSG00000260866	0	0	0	0	1	0	2	2	1	0	0	0
ENSG00000252645	0	0	0	0	0	0	0	0	0	0	0	0
ENSG00000272043	0	0	1	0	3	2	0	0	0	0	0	2
ENSG00000266772	0	0	0	0	0	0	0	0	0	0	0	0
ENSG00000226920	12	0	6	8	7	12	5	1	5	2	1	7
ENSG00000257017	1	0	3	4	2	4	1	0	0	1	0	0
ENSG00000197343	4489	3078	4661	2826	2057	2250	2682	2004	1660	1811	1311	3340
ENSG00000238802	0	0	0	0	0	0	0	0	0	0	0	0
ENSG00000227058	0	0	0	0	0	0	0	0	0	0	0	0
ENSG00000176871	672	334	1663	1645	2910	2632	1016	1080	1072	657	705	671
ENSG00000227905	0	0	0	0	0	0	0	0	0	0	0	0
ENSG00000232918	0	0	0	0	0	0	0	2	0	0	0	0
ENSG00000212184	0	0	0	0	0	0	0	0	0	0	0	0
ENSG00000024048	4410	1682	3646	1817	2584	2176	2130	1963	2081	2022	1767	1841
ENSG00000266390	0	0	0	0	0	0	0	0	0	0	0	0
ENSG00000173715	352	380	1267	409	499	491	868	830	755	875	831	1629
ENSG00000212153	0	0	0	0	0	0	0	0	0	0	0	0
ENSG00000258378	0	0	5	18	7	11	0	8	4	2	4	7
ENSG00000232706	45	25	60	7	4	1	4	7	6	1	8	12
ENSG00000270357	0	0	0	0	0	0	0	0	0	0	0	0
ENSG00000248403	0	0	0	0	0	0	0	0	0	0	0	0
ENSG00000231502	0	0	0	0	0	0	0	0	0	0	0	0
ENSG00000231256	0	0	0	0	0	0	0	0	0	0	0	0
ENSG00000100083	4523	2947	5843	2511	2128	2950	1149	959	1136	771	445	2028
ENSG00000199567	0	0	0	0	0	0	0	0	1	0	0	2
ENSG00000235978	5	9	15	4	5	5	0	1	0	2	0	3
ENSG00000267677	0	0	0	3	0	2	0	0	0	1	0	2
ENSG00000178503	0	0	0	0	0	0	1	0	0	0	0	1
ENSG00000252818	0	0	0	0	0	0	0	0	0	0	0	0
ENSG00000228453	1	0	1	0	0	2	0	0	0	0	0	0
ENSG00000228809	37	39	20	3	2	7	0	2	3	1	1	8
ENSG00000263168	0	0	0	0	0	0	0	0	0	0	0	0
ENSG00000238887	1	0	0	0	0	0	0	0	0	0	0	0
ENSG00000176485	152	99	14	520	394	664	357	121	436	89	33	187
ENSG00000258490	0	1	0	0	0	0	0	0	0	0	0	0
ENSG00000269924	0	0	0	13	2	0	2	1	0	0	0	3
ENSG00000020577	221	273	104	44	21	57	31	21	10	43	30	93
ENSG00000162852	2006	1020	1415	1176	1516	1110	722	878	785	645	519	579
ENSG00000251695	3	2	6	0	3	3	0	0	0	1	0	1
ENSG00000261556	829	621	1073	664	301	545	199	113	134	106	94	230
ENSG00000187210	13	8	3	12	16	32	8	7	8	18	22	8
ENSG00000238876	1	0	0	0	0	1	0	0	0	0	0	0
ENSG00000236842	0	0	0	0	0	0	0	0	0	0	0	0
ENSG00000247416	0	0	0	0	0	0	1	0	0	0	0	0
ENSG00000227538	0	0	0	0	0	0	0	0	0	0	0	0
ENSG00000268668	0	0	0	0	0	0	0	0	0	0	0	0
ENSG00000265428	0	0	0	0	0	0	0	0	0	0	0	0
ENSG00000229956	0	2	1	15	17	9	56	19	11	16	20	28
ENSG00000267636	0	0	0	0	0	0	0	0	0	0	0	0
ENSG00000238631	0	0	0	0	0	0	0	0	0	0	0	0
ENSG00000090554	13	8	15	37	7	19	9	8	10	1	2	19
ENSG00000198225	112	24	59	982	1258	1010	351	455	400	129	143	120
ENSG00000232658	0	0	0	0	0	0	0	0	0	0	0	0
ENSG00000109113	583	201	20	356	656	273	108	186	136	50	65	76
ENSG00000207816	0	0	0	0	0	0	0	0	0	0	0	0
ENSG00000234985	0	0	0	0	0	0	0	0	0	0	0	0
ENSG00000260659	0	0	0	0	0	0	0	0	0	0	0	0
ENSG00000255730	2	4	6	0	0	1	0	0	0	0	0	0
ENSG00000175728	0	0	0	0	0	0	0	0	0	0	0	0
ENSG00000164983	127	94	92	654	952	625	275	294	318	213	199	176
ENSG00000211953	2291	2126	117	15217	67840	48139	104649	432182	335975	199015	547621	163586
ENSG00000212899	0	0	0	0	0	0	0	0	0	0	0	0
ENSG00000136603	11533	4810	10282	2290	2339	1592	1499	1366	1217	1552	1580	1566
ENSG00000244610	0	0	0	0	0	0	0	0	0	0	0	0
ENSG00000252432	0	0	0	0	0	0	0	0	0	0	0	0
ENSG00000179148	3	0	1	4	0	4	0	0	0	0	0	0
ENSG00000230816	0	0	0	0	0	0	0	0	0	0	0	0
ENSG00000243155	1	0	2	12	4	0	0	0	2	5	1	2
ENSG00000235295	0	0	0	0	0	0	2	0	7	1	0	1
ENSG00000260311	0	0	0	0	0	0	0	0	0	0	0	0
ENSG00000269072	0	0	0	0	0	0	0	0	0	0	0	0
ENSG00000273423	0	0	0	0	0	0	0	0	0	0	0	0
ENSG00000273230	29	17	37	55	15	49	12	6	11	7	5	21
ENSG00000249877	0	0	0	0	3	0	0	0	0	0	0	0
ENSG00000105497	46	16	53	318	526	449	336	470	527	309	284	519
ENSG00000252616	0	0	0	0	0	0	0	0	0	0	0	0
ENSG00000214946	0	0	0	0	0	0	0	0	0	0	0	0
ENSG00000233307	0	0	0	0	0	0	0	0	0	0	0	0
ENSG00000173915	404	613	309	13330	3951	3110	5311	1925	1116	725	928	2601
ENSG00000255358	10	6	8	3	0	0	0	0	0	0	0	0
ENSG00000229943	0	0	0	0	0	0	0	0	0	0	0	0
ENSG00000116819	76	39	77	43	42	48	32	34	23	27	10	47
ENSG00000262530	0	0	0	0	0	0	0	0	0	0	0	0
ENSG00000223834	0	0	0	0	0	0	0	0	0	0	0	0
ENSG00000175509	1	0	0	0	0	0	0	0	0	0	0	0
ENSG00000221528	0	0	0	0	0	0	0	0	0	0	0	0
ENSG00000120265	669	292	321	5874	4961	3702	2066	1798	1687	1131	1112	1075
ENSG00000197121	981	504	171	305	166	280	217	135	174	238	135	397
ENSG00000237608	0	0	0	0	0	0	0	0	0	0	0	0
ENSG00000225936	0	1	7	0	0	0	0	0	0	0	0	0
ENSG00000216331	0	0	0	4	2	5	5	2	6	60	10	39
ENSG00000252348	0	0	0	0	0	0	0	0	0	0	0	0
ENSG00000115596	2	0	0	10	15	9	2	1	6	0	0	0
ENSG00000204702	0	0	0	0	0	0	0	0	0	0	0	0
ENSG00000127081	789	462	627	324	266	222	149	105	104	115	66	163
ENSG00000165475	203	133	110	232	259	167	294	230	224	185	222	324
ENSG00000257924	1	0	8	75	14	23	58	11	7	17	10	8
ENSG00000253135	0	0	0	0	0	0	0	0	0	0	0	0
ENSG00000196154	1064	1638	1262	2380	860	701	1463	339	452	187	65	159
ENSG00000173567	15	11	12	121	70	94	41	23	34	20	5	64
ENSG00000262968	0	0	0	0	0	0	0	0	0	0	0	0
ENSG00000125356	1368	2118	1174	10409	3592	2792	8260	3185	2184	1591	1740	3675
ENSG00000254130	0	0	0	0	0	0	0	0	0	0	0	0
ENSG00000259262	0	0	0	0	0	0	0	0	0	0	0	0
ENSG00000251697	0	0	0	0	0	0	0	0	0	0	0	0
ENSG00000139053	0	0	0	2	1	0	0	0	0	0	0	0
ENSG00000235160	0	0	0	0	0	0	0	0	0	0	0	0
ENSG00000255368	0	0	0	0	0	0	0	0	0	0	0	0
ENSG00000249214	0	0	0	3	0	0	0	1	0	3	0	1
ENSG00000202186	0	0	0	0	0	0	2	0	0	0	0	0
ENSG00000230195	238	68	172	708	1099	1330	340	335	490	224	161	156
ENSG00000232353	0	0	0	0	0	0	0	0	0	0	0	0
ENSG00000230033	0	0	0	2	5	7	0	0	0	0	0	0
ENSG00000185040	34	43	102	51	22	48	13	13	15	32	12	69
ENSG00000266972	0	0	0	41	27	37	0	0	1	0	0	0
ENSG00000178776	0	0	0	0	0	0	0	0	0	0	0	0
ENSG00000272091	148	43	157	13	12	8	44	38	29	48	35	37
ENSG00000258959	41	26	44	11	4	11	5	1	2	3	3	6
ENSG00000196115	0	0	0	0	0	0	0	0	0	0	0	0
ENSG00000265518	0	0	0	0	0	0	0	0	0	0	0	0
ENSG00000264040	0	0	0	0	0	0	0	0	0	0	0	0
ENSG00000266626	0	0	0	0	0	0	0	0	0	0	0	0
ENSG00000267921	0	0	0	0	0	0	0	0	0	0	0	0
ENSG00000111452	1	4	0	0	6	3	0	2	0	0	0	2
ENSG00000006114	3140	927	2611	2824	4498	3731	4318	4489	4742	3649	3067	4105
ENSG00000251982	0	0	0	0	0	0	0	0	0	0	0	0
ENSG00000268605	0	0	0	0	0	0	0	0	0	0	0	0
ENSG00000224051	357	93	118	479	636	764	452	488	710	548	431	348
ENSG00000204717	0	0	0	0	0	0	0	0	0	0	0	0
ENSG00000230474	0	0	0	0	0	0	0	0	0	0	0	0
ENSG00000177570	266	632	222	251	318	233	722	495	752	412	338	518
ENSG00000268093	1	2	1	20	1	22	4	1	3	1	3	9
ENSG00000230398	0	0	0	0	0	0	0	0	0	0	0	0
ENSG00000237920	0	0	0	0	0	1	0	0	0	0	0	0
ENSG00000255234	0	0	0	3	3	3	0	1	6	4	1	7
ENSG00000197180	1	0	1	18	18	16	9	13	11	6	6	24
ENSG00000255084	0	1	1	2	3	0	1	0	0	1	0	0
ENSG00000211553	14	16	18	16	1	20	7	1	3	1	0	9
ENSG00000213777	8	7	11	2	4	3	0	5	0	4	0	1
ENSG00000258158	0	0	0	0	0	0	0	0	0	0	0	0
ENSG00000231618	0	0	0	0	0	0	0	0	0	0	0	0
ENSG00000233995	37	37	18	1	10	1	2	3	4	5	3	3
ENSG00000110169	12	1	17	3	0	0	3	1	0	2	4	3
ENSG00000229535	0	0	0	0	0	0	0	0	0	0	0	0
ENSG00000157703	0	0	0	0	0	0	0	1	0	0	1	2
ENSG00000226210	1888	1575	1823	1584	774	1436	896	602	624	659	239	1253
ENSG00000235863	211	46	129	154	174	155	166	171	266	125	97	135
ENSG00000269326	0	0	0	0	0	0	0	0	0	0	0	0
ENSG00000222724	2	0	2	1	3	0	2	2	0	0	0	1
ENSG00000237610	0	0	0	0	0	0	0	0	0	0	0	0
ENSG00000269900	40	24	25	74	22	6	68	15	32	61	15	14
ENSG00000235536	0	0	0	0	0	0	0	0	0	0	0	0
ENSG00000215790	975	324	581	359	426	495	560	590	769	646	419	1136
ENSG00000264667	0	0	0	0	0	0	0	0	0	0	0	0
ENSG00000011258	2277	1138	2116	686	629	704	684	571	555	589	436	728
ENSG00000267299	0	0	0	0	0	0	0	0	0	0	0	0
ENSG00000175018	0	0	0	0	0	0	0	0	0	0	0	0
ENSG00000199674	0	0	0	0	0	0	0	0	0	0	0	0
ENSG00000206302	0	0	0	0	0	0	0	0	0	0	0	0
ENSG00000237987	0	0	0	0	0	0	0	0	0	0	0	0
ENSG00000214595	1309	1867	9473	800	324	549	1532	472	501	777	268	940
ENSG00000202151	0	0	0	0	0	0	0	0	0	0	0	0
ENSG00000269373	0	0	0	0	0	0	0	0	0	0	0	0
ENSG00000250865	0	0	0	0	0	0	1	0	0	0	0	0
ENSG00000231378	0	1	2	0	0	0	0	0	0	0	0	0
ENSG00000178828	0	0	0	0	0	0	0	0	0	0	0	0
ENSG00000235505	11	29	7	135	51	27	93	59	29	47	46	83
ENSG00000232373	0	1	4	0	0	0	3	0	0	2	0	1
ENSG00000242110	8	1	5	45	41	81	20	38	26	11	15	23
ENSG00000243708	23	20	17	18	2	19	43	6	21	22	4	100
ENSG00000185482	126	45	151	95	35	58	12	12	22	9	3	18
ENSG00000124222	2265	1064	2093	2103	1803	1901	2508	1665	1513	2255	1025	4123
ENSG00000231039	1	0	0	0	0	0	0	0	0	0	0	0
ENSG00000235780	0	0	0	0	0	0	0	0	0	0	0	0
ENSG00000157856	1	0	4	3	1	1	1	1	0	1	0	1
ENSG00000272628	0	0	0	0	0	0	0	0	0	0	0	0
ENSG00000228527	0	0	0	0	0	0	1	0	0	0	0	0
ENSG00000199585	0	0	0	0	0	0	0	0	0	0	0	0
ENSG00000272073	0	0	0	0	0	0	0	0	0	0	0	0
ENSG00000271525	0	0	0	3	1	3	0	1	4	1	0	2
ENSG00000251624	34	14	35	20	27	33	34	46	59	57	45	32
ENSG00000238891	0	0	0	0	0	0	0	0	0	0	0	0
ENSG00000221703	0	0	0	0	0	0	0	0	0	0	0	0
ENSG00000268750	0	0	0	0	0	0	0	0	0	0	0	0
ENSG00000244485	1	2	0	1	1	0	0	1	0	0	1	0
ENSG00000226157	0	0	0	0	0	0	0	0	0	0	0	0
ENSG00000236982	0	0	0	0	0	0	0	0	0	0	0	0
ENSG00000248235	0	0	1	0	0	0	0	0	0	0	0	0
ENSG00000218682	2	0	1	0	0	0	0	2	2	0	0	0
ENSG00000267377	0	0	0	0	0	0	0	0	0	0	0	0
ENSG00000270083	65	78	87	25	9	12	15	9	2	7	6	34
ENSG00000011021	2378	1187	1830	1124	812	1002	699	514	543	507	245	883
ENSG00000155959	760	722	554	10977	5035	3621	3798	1812	1359	894	898	1831
ENSG00000256261	0	0	0	0	0	0	0	0	0	0	0	0
ENSG00000104970	18	2	0	101	220	106	32	84	47	15	14	27
ENSG00000075218	4	4	6	2691	3470	3559	564	936	1220	147	236	484
ENSG00000202205	0	0	0	0	0	0	1	0	0	0	0	0
ENSG00000173209	1306	1087	2291	1807	429	1015	1310	675	529	957	388	2608
ENSG00000241665	0	0	0	0	0	0	0	0	0	0	0	0
ENSG00000214265	0	0	0	0	0	0	0	0	0	0	0	0
ENSG00000114648	2268	1831	1798	1310	1554	1705	334	341	431	339	265	376
ENSG00000244215	0	0	0	0	0	0	0	0	0	0	0	0
ENSG00000241054	0	0	0	0	0	0	0	0	0	0	0	0
ENSG00000113732	1562	864	1019	11818	6038	4904	9088	3963	3765	3886	3469	5232
ENSG00000172687	179	196	233	710	264	319	170	58	81	68	45	163
ENSG00000005381	10	2	4	12	5	22	0	0	0	0	0	0
ENSG00000271885	0	0	0	0	0	0	0	0	0	0	0	0
ENSG00000168734	1986	1575	953	1473	1080	1464	284	273	258	184	102	242
ENSG00000169116	1166	338	69	1553	2738	1959	3500	3588	3873	2286	2009	1409
ENSG00000265972	0	0	0	0	0	0	0	0	0	0	0	0
ENSG00000077264	9	3	1	5	8	5	0	0	0	0	0	0
ENSG00000199246	0	0	0	0	0	0	0	0	0	0	0	0
ENSG00000102265	187	40	93	290	464	208	230	329	228	169	123	53
ENSG00000221563	0	0	0	0	0	0	0	0	0	0	0	0
ENSG00000230212	2	1	0	3	0	1	0	0	1	0	1	1
ENSG00000235488	6	4	3	4	2	4	0	2	5	1	0	2
ENSG00000261911	0	0	0	0	0	0	0	0	0	0	0	0
ENSG00000135083	6	1	0	0	1	0	0	0	0	0	0	0
ENSG00000238091	7	3	4	1	6	0	0	5	2	0	2	3
ENSG00000213213	7	9	7	16	9	14	5	6	9	5	3	23
ENSG00000115216	5774	2520	4157	3633	6173	5510	3601	3801	4004	2955	2273	2607
ENSG00000173357	0	0	0	0	0	0	0	0	0	0	0	0
ENSG00000221504	0	0	0	0	0	0	0	0	0	0	0	0
ENSG00000263956	0	0	0	0	0	0	0	0	0	0	0	0
ENSG00000267219	16	11	17	12	6	3	9	7	0	9	1	14
ENSG00000257835	0	0	0	0	0	0	0	0	0	0	0	0
ENSG00000245651	0	0	1	0	0	0	0	0	0	0	0	0
ENSG00000115661	839	557	574	1205	1127	1018	1076	699	752	445	347	773
ENSG00000112852	0	0	0	0	0	0	0	0	0	1	0	0
ENSG00000255010	0	0	1	3	7	3	3	4	4	7	2	2
ENSG00000272317	0	0	1	0	0	0	0	0	0	0	0	2
ENSG00000268390	0	0	0	0	0	0	0	0	0	0	0	0
ENSG00000254215	0	0	0	4	1	8	20	12	7	9	6	21
ENSG00000265941	0	0	0	0	0	0	0	0	0	0	0	0
ENSG00000238676	0	0	0	0	0	0	0	0	0	0	0	0
ENSG00000186185	4	3	2	2883	2367	2811	457	593	703	157	172	695
ENSG00000263728	0	0	0	0	0	0	0	0	0	0	0	0
ENSG00000240859	1	2	0	14	10	7	0	0	4	1	3	0
ENSG00000120051	0	1	1	31	11	20	2	0	0	1	2	2
ENSG00000225731	0	0	0	0	0	0	0	0	0	0	0	0
ENSG00000242670	1	0	1	2	1	0	0	0	0	0	0	1
ENSG00000265383	0	0	0	0	0	0	0	0	0	0	0	0
ENSG00000188765	2	1	1	47	32	14	3	1	0	5	2	4
ENSG00000238220	0	0	0	0	0	0	0	0	0	0	0	0
ENSG00000270641	92	0	0	0	12	0	0	33	0	0	19	0
ENSG00000255014	0	0	0	1	0	0	1	0	0	0	0	0
ENSG00000211679	17621	9439	580	115939	165488	133261	910315	1046247	958486	1375611	1404501	1015439
ENSG00000187605	6277	3782	2984	821	586	992	187	196	229	174	206	237
ENSG00000109686	575	788	769	66	20	37	32	13	10	7	3	12
ENSG00000169040	0	0	0	0	0	0	1	0	0	0	0	0
ENSG00000262700	1	0	2	13	0	5	0	1	0	0	0	8
ENSG00000188002	407	608	939	582	377	345	305	186	142	142	124	302
ENSG00000233196	0	0	0	0	0	0	0	0	0	1	0	2
ENSG00000264241	0	0	0	0	0	0	0	0	0	0	0	0
ENSG00000203933	0	0	0	0	0	0	0	0	0	0	0	0
ENSG00000215149	0	0	0	0	0	0	0	0	0	0	0	0
ENSG00000270583	0	0	0	0	0	0	0	0	0	0	0	0
ENSG00000223225	0	0	1	2	1	1	0	0	1	0	0	0
ENSG00000126838	2	0	4	0	2	0	0	0	0	0	0	3
ENSG00000238639	1	0	0	0	0	0	0	0	0	0	0	1
ENSG00000223968	0	0	0	1	0	0	0	0	0	0	1	0
ENSG00000233444	0	0	0	0	0	0	0	0	0	0	0	0
ENSG00000249677	0	0	0	0	0	0	0	0	0	0	0	0
ENSG00000234980	0	0	0	0	0	0	0	0	0	0	0	0
ENSG00000228970	10	14	15	2	0	1	0	0	0	0	0	0
ENSG00000113209	1	1	0	0	0	0	0	0	0	0	0	0
ENSG00000253781	0	0	0	0	0	0	0	0	0	0	0	0
ENSG00000273444	1	0	0	0	0	0	0	0	0	0	0	1
ENSG00000166971	203	84	64	1126	1090	921	377	287	284	204	124	239
ENSG00000253417	0	0	0	0	0	0	0	0	0	0	0	0
ENSG00000268256	0	0	0	0	0	0	0	0	0	0	0	0
ENSG00000254954	0	0	0	0	0	0	0	0	0	0	0	0
ENSG00000136811	307	170	392	3359	3566	4258	672	845	928	576	367	851
ENSG00000267126	0	0	0	0	0	0	0	0	0	0	0	0
ENSG00000229322	0	0	0	0	0	0	0	0	0	0	0	0
ENSG00000084463	10907	6623	12557	6121	10035	7877	2182	3374	3421	1867	1871	1405
ENSG00000187763	0	0	0	0	0	0	0	0	0	0	0	0
ENSG00000171462	35	15	36	35	29	32	54	33	48	25	15	38
ENSG00000239775	0	0	0	0	0	0	0	0	0	0	0	0
ENSG00000230285	1	0	0	2	0	0	0	0	0	0	0	0
ENSG00000268127	0	0	0	0	0	0	0	0	0	0	0	0
ENSG00000197471	70	13	87	1690	4347	2552	1466	2227	3909	559	593	338
ENSG00000052802	854	939	519	7841	5795	3591	2658	1642	1869	865	678	709
ENSG00000253899	105	61	73	28	56	34	18	26	24	28	22	16
ENSG00000218336	0	0	0	0	0	0	0	0	1	1	3	0
ENSG00000268897	0	0	0	0	0	0	0	0	0	0	0	0
ENSG00000189166	15	3	2	6	9	13	1	2	11	3	6	3
ENSG00000252471	0	0	0	0	0	0	0	0	0	0	0	0
ENSG00000108963	1220	958	1164	430	480	574	394	289	380	374	241	682
ENSG00000250860	1	0	0	0	0	0	1	0	0	0	0	0
ENSG00000178202	134	25	135	810	1458	650	478	697	431	542	412	341
ENSG00000268518	15	5	23	8	1	6	15	2	4	7	1	15
ENSG00000255502	0	0	0	0	0	0	0	0	0	0	0	0
ENSG00000262823	0	0	0	78	14	20	0	0	1	0	0	0
ENSG00000262915	0	0	0	0	0	0	0	0	0	0	0	0
ENSG00000248376	0	0	0	0	0	0	0	0	0	0	0	0
ENSG00000183778	0	0	0	0	0	0	0	0	0	0	0	0
ENSG00000131876	4966	4381	6007	3753	3927	3348	1168	977	925	692	433	946
ENSG00000236014	0	0	0	0	0	0	0	0	0	0	0	0
ENSG00000221139	0	0	0	0	0	0	0	0	0	0	0	0
ENSG00000168243	0	1	0	0	0	0	0	0	0	0	0	1
ENSG00000212539	0	0	0	0	0	0	0	0	0	0	0	0
ENSG00000164438	0	0	0	0	0	0	0	0	0	0	0	0
ENSG00000164556	140	113	229	2	5	6	11	4	2	3	2	9
ENSG00000251484	2	2	8	8	0	2	3	0	0	2	1	1
ENSG00000222477	0	0	0	0	0	0	0	0	0	0	0	0
ENSG00000207432	0	0	1	0	0	0	0	0	0	0	0	0
ENSG00000079785	2310	1091	1907	5391	7150	6749	3057	3223	3160	2634	1967	1814
ENSG00000221869	7	6	1	0	5	4	7	1	5	0	1	1
ENSG00000137975	0	0	0	0	0	0	0	0	0	0	0	0
ENSG00000235975	0	0	0	0	0	0	0	0	0	0	0	0
ENSG00000261788	1	0	1	2	2	2	6	0	0	0	0	2
ENSG00000167968	5	2	4	39	10	42	18	6	7	11	3	37
ENSG00000145242	0	0	0	0	0	0	0	0	0	0	0	0
ENSG00000227528	0	0	0	0	0	0	0	1	0	0	0	0
ENSG00000168785	31	30	39	655	811	626	295	369	366	384	371	224
ENSG00000233716	0	2	3	0	0	0	0	0	0	0	0	0
ENSG00000257504	0	0	0	0	0	0	0	0	0	0	0	0
ENSG00000124523	55	44	116	422	362	331	338	224	213	254	157	259
ENSG00000200658	1	0	0	0	0	0	0	0	0	0	0	0
ENSG00000260012	2	2	10	0	0	0	0	0	0	0	0	0
ENSG00000227131	0	0	0	0	0	0	0	0	0	0	0	0
ENSG00000269211	0	0	0	0	0	0	0	0	0	0	0	0
ENSG00000198960	710	441	628	1425	1047	993	1167	842	783	544	411	827
ENSG00000172640	0	4	0	6	1	10	2	0	0	1	0	1
ENSG00000229666	0	0	2	1	2	1	0	1	0	0	0	5
ENSG00000186530	0	0	0	3	0	0	0	0	0	0	0	0
ENSG00000225911	0	0	0	0	0	0	0	0	0	0	0	0
ENSG00000233175	205	141	80	33	19	20	9	9	12	19	4	79
ENSG00000187676	947	507	473	366	356	329	283	213	215	236	196	224
ENSG00000260216	0	0	0	0	0	0	0	0	0	0	0	0
ENSG00000232398	0	0	0	2	0	0	6	1	2	1	0	3
ENSG00000249741	115	87	77	90	133	128	35	46	52	20	13	26
ENSG00000236673	0	0	0	0	0	0	0	0	0	0	0	0
ENSG00000267834	18	7	15	6	1	0	2	0	1	2	1	6
ENSG00000260483	0	0	0	0	0	0	0	0	1	0	0	0
ENSG00000224307	0	0	0	0	0	0	0	0	0	0	0	0
ENSG00000237612	0	0	0	0	0	0	0	0	0	0	0	0
ENSG00000256124	0	0	0	0	0	0	0	0	0	0	0	0
ENSG00000231156	0	0	0	0	0	0	0	0	0	0	0	0
ENSG00000107581	13217	6946	13306	17941	28544	25998	9253	10607	13726	9705	7806	4737
ENSG00000237443	0	0	0	0	0	0	0	0	0	0	0	0
ENSG00000254770	0	0	0	0	1	0	0	0	0	0	0	0
ENSG00000238304	0	0	0	0	0	0	0	0	0	0	0	0
ENSG00000160460	16	3	0	24	27	23	4	2	6	4	4	1
ENSG00000254034	2	2	3	1	2	1	1	0	0	1	0	2
ENSG00000242070	0	0	0	1	0	0	0	0	0	0	0	0
ENSG00000237943	10	0	0	94	102	43	17	18	12	4	6	13
ENSG00000262473	0	0	0	0	0	0	0	0	0	0	0	0
ENSG00000171522	1025	2093	1401	408	232	421	21	21	26	20	8	7
ENSG00000135473	1043	1282	3292	2006	1499	1848	1628	1190	1252	1173	613	2844
ENSG00000134042	0	0	0	0	0	0	0	0	0	0	0	0
ENSG00000264921	0	0	0	0	0	0	0	0	0	0	0	0
ENSG00000179059	0	0	0	0	0	0	0	0	0	0	0	0
ENSG00000107863	955	305	1955	1846	2753	2964	542	741	749	538	462	492
ENSG00000265876	0	0	0	0	0	0	0	0	0	0	0	0
ENSG00000268077	0	0	0	0	0	0	0	0	0	0	0	0
ENSG00000235340	0	0	0	0	0	0	0	0	0	0	0	0
ENSG00000214760	23	32	24	14	7	16	10	8	8	1	1	9
ENSG00000144045	14	13	26	47	15	35	130	81	70	56	42	131
ENSG00000258241	0	0	0	0	0	0	0	0	0	0	0	0
ENSG00000251432	7	20	16	9	1	12	8	2	3	14	4	11
ENSG00000178460	25	9	27	52	18	19	4	1	7	3	3	20
ENSG00000271830	0	0	0	0	0	0	0	0	0	0	0	0
ENSG00000237265	0	0	0	0	0	0	0	0	0	0	0	0
ENSG00000172247	7	9	18	0	0	0	0	0	2	0	0	4
ENSG00000224309	0	0	0	0	0	1	1	0	0	0	0	0
ENSG00000223877	7	8	3	11	6	5	6	1	3	0	2	5
ENSG00000203781	0	0	0	0	0	0	0	0	0	0	0	0
ENSG00000167748	185	241	18	223	592	247	131	418	217	123	232	123
ENSG00000264042	0	0	0	0	0	0	0	0	0	0	0	0
ENSG00000123094	8	8	6	133	226	166	24	53	60	32	43	49
ENSG00000144339	0	0	0	0	0	0	0	0	0	0	0	0
ENSG00000138294	0	0	0	0	0	0	0	0	0	0	0	1
ENSG00000257859	0	0	0	0	0	0	0	0	0	0	0	0
ENSG00000171988	22877	13291	17735	2429	2649	3180	1330	1484	1371	1775	1113	1473
ENSG00000163491	6	10	11	4	5	11	6	4	3	4	0	10
ENSG00000273125	0	0	0	0	1	0	1	0	0	0	0	0
ENSG00000249003	0	0	0	1	0	0	0	0	0	0	0	0
ENSG00000101247	1034	796	874	1272	619	527	605	246	185	180	120	420
ENSG00000230375	0	0	0	0	0	0	0	0	0	0	0	0
ENSG00000183691	4	0	0	0	0	0	0	0	0	0	0	0
ENSG00000269076	0	0	0	0	0	0	0	0	0	0	0	0
ENSG00000267854	0	0	0	0	0	0	0	0	0	0	0	0
ENSG00000227172	0	2	0	4	1	0	0	3	1	0	1	1
ENSG00000238518	0	0	0	0	0	0	0	0	0	0	0	0
ENSG00000248739	0	0	0	0	0	0	0	0	0	0	0	0
ENSG00000226962	0	0	0	0	0	0	0	0	0	0	0	2
ENSG00000228163	0	0	0	0	0	0	0	0	0	0	0	0
ENSG00000070018	12	39	7	63	132	46	25	61	39	51	67	33
ENSG00000224431	0	0	0	6	0	1	0	0	2	0	0	2
ENSG00000237166	0	0	0	2	1	0	0	0	0	0	0	0
ENSG00000215448	0	0	0	0	0	0	0	0	0	0	0	0
ENSG00000265868	0	1	8	0	0	0	0	0	0	0	0	0
ENSG00000163564	415	31	618	70	12	86	31	2	33	21	0	24
ENSG00000207939	0	0	4	8	0	1	6	1	1	2	0	2
ENSG00000222102	0	1	1	0	0	0	0	0	0	0	0	0
ENSG00000224961	0	0	0	0	0	0	0	0	0	0	0	0
ENSG00000040531	232	119	172	1202	1315	1420	691	713	879	597	383	576
ENSG00000252104	0	0	0	0	0	0	0	0	0	0	0	0
ENSG00000265179	0	0	0	0	0	0	0	0	0	0	0	0
ENSG00000199824	0	1	2	1	0	0	0	0	0	0	0	0
ENSG00000217325	13	5	4	60	91	75	25	17	22	18	23	8
ENSG00000158195	8682	2559	6290	7334	11141	9272	2840	3972	4441	2750	2512	2030
ENSG00000201143	0	0	0	0	0	0	0	0	0	0	0	0
ENSG00000078114	0	0	0	1	0	3	0	0	0	0	0	0
ENSG00000263610	0	0	0	0	0	0	0	0	0	0	0	0
ENSG00000249869	0	0	0	0	0	0	0	0	0	0	0	0
ENSG00000137642	1731	523	47	141	37	115	0	1	4	4	1	1
ENSG00000120837	836	359	579	1877	1942	1410	894	708	600	626	506	528
ENSG00000250298	0	1	0	0	0	0	0	0	0	0	0	0
ENSG00000183307	0	1	0	2	8	4	2	6	1	10	9	9
ENSG00000251926	0	0	0	0	0	0	0	0	0	0	0	0
ENSG00000224719	0	0	0	0	0	0	0	0	0	0	0	0
ENSG00000252639	0	0	2	0	0	0	0	1	0	0	0	0
ENSG00000264213	0	0	0	0	0	0	0	0	0	0	0	0
ENSG00000257962	0	0	0	1	0	0	0	0	0	0	0	0
ENSG00000264761	2	0	2	0	0	0	0	0	0	0	0	0
ENSG00000124157	0	0	0	0	0	0	0	0	0	0	0	0
ENSG00000231327	0	1	0	17	9	6	7	6	15	3	7	6
ENSG00000244578	0	0	0	0	0	0	0	0	0	0	0	0
ENSG00000180483	0	0	0	0	0	0	0	0	0	0	0	0
ENSG00000260205	0	0	0	0	0	0	0	0	0	0	0	0
ENSG00000232807	27	19	30	49	16	22	92	28	22	59	31	171
ENSG00000244422	0	0	0	0	0	0	0	0	0	0	0	0
ENSG00000221710	0	0	0	0	0	0	0	0	0	0	0	0
ENSG00000229719	1	0	1	0	0	0	0	0	0	0	0	0
ENSG00000254710	0	0	0	0	2	0	0	0	0	0	0	0
ENSG00000254704	106	30	36	5	0	0	0	0	0	0	1	0